# DATA dum=1 
# Comment line 
# Three columns: x y ey 


     39927.5      6040.71            1
     39851.2      6106.76            1
     39774.9      6122.54            1
     39698.7      6173.38            1
     39622.4      6285.68            1
     39546.1      6153.39            1
     39469.8      6109.39            1
     39393.5      6127.47            1
     39317.2      6230.09            1
     39240.9      6294.29            1
     39164.6      6270.58            1
     39088.3      6274.49            1
     39012.1       6266.1            1
     38935.8      6248.91            1
     38859.5      6399.86            1
     38783.2      6330.16            1
     38706.9      6336.21            1
     38630.6      6412.29            1
     38554.3      6394.82            1
       38478      6431.17            1
     38401.7      6494.49            1
     38325.5       6512.5            1
     38249.2       6476.8            1
     38172.9      6533.12            1
     38096.6      6556.16            1
     38020.3       6703.2            1
       37944      6785.23            1
     37867.7      6754.36            1
     37791.4      6708.51            1
     37715.1      6782.61            1
     37638.8      6775.54            1
     37562.6       6783.8            1
     37486.3      6805.59            1
       37410      6739.75            1
     37333.7      6810.55            1
     37257.4      6855.32            1
     37181.1      6770.54            1
     37104.8      6877.15            1
     37028.5      6966.77            1
     36952.2      7050.09            1
       36876      6998.09            1
     36799.7      6915.23            1
     36723.4      7078.31            1
     36647.1      7116.84            1
     36570.8      7184.58            1
     36494.5       7139.6            1
     36418.2      7118.71            1
     36341.9      7132.29            1
     36265.6      7147.99            1
     36189.4      7214.51            1
     36113.1      7350.95            1
     36036.8      7326.57            1
     35960.5      7328.31            1
     35884.2      7419.95            1
     35807.9      7497.66            1
     35731.6      7479.65            1
     35655.3      7394.48            1
       35579      7445.55            1
     35502.7      7583.02            1
     35426.5      7582.95            1
     35350.2      7587.12            1
     35273.9      7641.71            1
     35197.6      7587.61            1
     35121.3      7643.06            1
       35045      7775.22            1
     34968.7      7822.72            1
     34892.4      7905.22            1
     34816.1      7958.88            1
     34739.9       7923.7            1
     34663.6      7933.34            1
     34587.3      7988.77            1
       34511      8012.47            1
     34434.7      7938.47            1
     34358.4      7979.59            1
     34282.1      8036.94            1
     34205.8      8082.36            1
     34129.5      8033.49            1
     34053.2      8026.64            1
       33977      8134.71            1
     33900.7      8188.64            1
     33824.4      8195.81            1
     33748.1      8244.91            1
     33671.8      8392.33            1
     33595.5      8438.58            1
     33519.2      8430.82            1
     33442.9      8459.56            1
     33366.6      8609.53            1
     33290.4      8618.97            1
     33214.1      8540.95            1
     33137.8      8498.06            1
     33061.5      8600.85            1
     32985.2      8671.79            1
     32908.9      8783.43            1
     32832.6      8844.54            1
     32756.3      8826.34            1
       32680      8888.97            1
     32603.8       8895.4            1
     32527.5      8869.32            1
     32451.2      8903.14            1
     32374.9      8955.03            1
     32298.6      9016.29            1
     32222.3      9089.64            1
       32146      9207.64            1
     32069.7      9248.71            1
     31993.4      9374.78            1
     31917.1      9321.09            1
     31840.9      9351.42            1
     31764.6      9496.68            1
     31688.3      9512.87            1
       31612       9545.6            1
     31535.7      9618.71            1
     31459.4      9598.26            1
     31383.1       9626.9            1
     31306.8       9701.6            1
     31230.5      9788.16            1
     31154.3      9818.05            1
       31078      9814.35            1
     31001.7       9936.5            1
     30925.4      9951.52            1
     30849.1      10050.2            1
     30772.8      10058.6            1
     30696.5      10185.6            1
     30620.2      10179.3            1
     30543.9        10245            1
     30467.7      10284.2            1
     30391.4      10303.8            1
     30315.1      10355.1            1
     30238.8      10414.6            1
     30162.5      10513.1            1
     30086.2      10535.9            1
     30009.9      10696.2            1
     29933.6      10766.6            1
     29857.3        10741            1
       29781      10772.1            1
     29704.8      10860.1            1
     29628.5      10905.4            1
     29552.2      11002.6            1
     29475.9      11092.6            1
     29399.6      11165.6            1
     29323.3      11184.1            1
       29247      11237.5            1
     29170.7      11318.6            1
     29094.4      11370.5            1
     29018.2      11440.7            1
     28941.9      11525.5            1
     28865.6      11563.4            1
     28789.3        11611            1
       28713      11680.4            1
     28636.7      11825.9            1
     28560.4      11858.9            1
     28484.1        11820            1
     28407.8      11967.9            1
     28331.6      12128.8            1
     28255.3      12205.3            1
       28179      12241.4            1
     28102.7      12194.4            1
     28026.4      12292.9            1
     27950.1      12383.1            1
     27873.8      12494.7            1
     27797.5        12585            1
     27721.2      12644.1            1
     27644.9      12660.2            1
     27568.7      12789.8            1
     27492.4      12811.1            1
     27416.1      12972.1            1
     27339.8      12998.6            1
     27263.5        13043            1
     27187.2      13145.1            1
     27110.9      13310.9            1
     27034.6      13461.6            1
     26958.3        13530            1
     26882.1      13594.4            1
     26805.8        13680            1
     26729.5      13788.8            1
     26653.2      13896.2            1
     26576.9        13930            1
     26500.6      14068.7            1
     26424.3      14150.7            1
       26348      14261.3            1
     26271.7      14369.3            1
     26195.5        14480            1
     26119.2      14466.3            1
     26042.9      14574.7            1
     25966.6      14723.3            1
     25890.3      14846.7            1
       25814      14953.5            1
     25737.7      15012.9            1
     25661.4      15133.9            1
     25585.1      15209.8            1
     25508.8        15391            1
     25432.6        15510            1
     25356.3        15667            1
       25280      15694.1            1
     25203.7      15823.5            1
     25127.4      15893.6            1
     25051.1      16068.4            1
     24974.8      16120.6            1
     24898.5      16171.9            1
     24822.2      16326.4            1
       24746      16537.9            1
     24669.7      16607.9            1
     24593.4      16765.1            1
     24517.1      16863.7            1
     24440.8      17028.8            1
     24364.5        17233            1
     24288.2      17394.1            1
     24211.9      17510.4            1
     24135.6      17622.5            1
     24059.4        17733            1
     23983.1      17931.1            1
     23906.8      18071.3            1
     23830.5      18108.6            1
     23754.2      18215.3            1
     23677.9      18482.4            1
     23601.6      18654.9            1
     23525.3      18755.2            1
       23449      18939.7            1
     23372.7      19193.3            1
     23296.5      19287.4            1
     23220.2      19436.7            1
     23143.9      19703.2            1
     23067.6      19892.8            1
     22991.3      20078.9            1
       22915        20221            1
     22838.7      20316.8            1
     22762.4      20469.2            1
     22686.1      20708.3            1
     22609.9      20914.7            1
     22533.6        21142            1
     22457.3      21281.9            1
       22381      21483.9            1
     22304.7      21647.1            1
     22228.4      21795.9            1
     22152.1      22008.2            1
     22075.8      22287.4            1
     21999.5      22403.9            1
     21923.3      22547.7            1
       21847      22842.4            1
     21770.7      23133.6            1
     21694.4      23317.9            1
     21618.1        23662            1
     21541.8      23956.9            1
     21465.5      24184.9            1
     21389.2      24312.2            1
     21312.9        24530            1
     21236.6      24778.3            1
     21160.4        25061            1
     21084.1      25366.2            1
     21007.8        25622            1
     20931.5      25992.4            1
     20855.2      26317.1            1
     20778.9      26604.4            1
     20702.6        26908            1
     20626.3      27263.4            1
       20550      27560.9            1
     20473.8      27803.9            1
     20397.5      28130.7            1
     20321.2      28436.7            1
     20244.9      28755.4            1
     20168.6      29138.4            1
     20092.3      29480.6            1
       20016      29743.3            1
     19939.7      30059.7            1
       19913      30182.8            1
     19886.3      30322.8            1
     19859.6      30464.2            1
     19832.9      30603.2            1
     19806.2      30756.9            1
     19779.5      30895.5            1
     19752.8      31010.3            1
     19726.1        31157            1
     19699.4      31328.7            1
     19672.7        31487            1
       19646      31634.5            1
     19619.3      31771.7            1
     19592.6      31902.5            1
     19565.9      32049.2            1
     19539.2      32207.7            1
     19512.5      32354.1            1
     19485.8      32483.8            1
     19459.1      32623.4            1
     19432.4      32775.7            1
     19405.7      32929.5            1
       19379      33085.2            1
     19352.3      33262.4            1
     19325.6      33436.3            1
     19298.9      33585.8            1
     19272.2      33734.4            1
     19245.5      33884.3            1
     19218.8      34019.7            1
     19192.1      34157.5            1
     19165.4      34330.8            1
     19138.7      34515.9            1
       19112      34676.1            1
     19085.3        34840            1
     19058.6        35010            1
     19031.9      35174.9            1
     19005.2      35334.2            1
     18978.5        35491            1
     18951.8      35661.5            1
     18925.1      35846.6            1
     18898.4        36042            1
     18871.7      36224.7            1
       18845      36393.2            1
     18818.3      36576.1            1
     18791.6      36776.4            1
     18764.9      36977.8            1
     18738.2      37162.5            1
     18711.5      37348.8            1
     18684.8        37552            1
     18658.1      37776.2            1
     18631.4      37987.4            1
     18604.7      38161.7            1
       18578        38321            1
     18551.3      38496.7            1
     18524.6      38707.3            1
     18497.9      38921.7            1
     18471.2        39090            1
     18444.5      39238.8            1
     18417.8      39410.9            1
     18391.1      39608.6            1
     18364.4      39803.3            1
     18337.7      39998.5            1
       18311      40195.2            1
     18284.3      40419.1            1
     18257.6        40674            1
     18230.9      40904.2            1
     18204.2      41116.9            1
     18177.4      41332.4            1
     18150.7      41531.8            1
       18124      41729.6            1
     18097.3      41962.8            1
     18070.6      42227.8            1
     18043.9      42471.4            1
     18017.2      42697.1            1
     17990.5      42931.7            1
     17963.8      43166.4            1
     17937.1        43399            1
     17910.4      43648.9            1
     17883.7      43910.8            1
       17857      44171.4            1
     17830.3      44414.7            1
     17803.6      44641.8            1
     17776.9      44880.8            1
     17750.2      45150.4            1
     17723.5      45430.9            1
     17696.8      45699.6            1
     17670.1        45934            1
     17643.4      46157.9            1
     17616.7      46387.9            1
       17590      46634.5            1
     17563.3      46920.8            1
     17536.6      47237.1            1
     17509.9      47530.6            1
     17483.2      47784.5            1
     17456.5      48029.2            1
     17429.8      48286.2            1
     17403.1      48564.3            1
     17376.4      48864.8            1
     17349.7      49184.5            1
       17323        49465            1
     17296.3      49687.2            1
     17269.6      49904.4            1
     17242.9      50150.3            1
     17216.2      50422.7            1
     17189.5      50702.3            1
     17162.8      50986.5            1
     17136.1      51265.5            1
     17109.4      51553.2            1
     17082.7        51864            1
       17056      52190.1            1
     17029.3      52496.6            1
     17002.6      52782.7            1
     16975.9      53071.1            1
     16949.2      53370.6            1
     16922.5      53675.1            1
     16895.8      53989.3            1
     16869.1      54308.4            1
     16842.4      54623.7            1
     16815.7      54949.3            1
       16789      55280.2            1
     16762.3      55604.2            1
     16735.6        55935            1
     16708.9      56277.7            1
     16682.2      56626.2            1
     16655.5        56978            1
     16628.8      57331.6            1
     16602.1      57704.5            1
     16575.4      58089.9            1
     16548.7        58460            1
       16522      58808.4            1
     16495.3      59154.7            1
     16468.6      59525.8            1
     16441.9      59902.8            1
     16415.2      60298.8            1
     16388.5      60709.8            1
     16361.8      61113.6            1
     16335.1      61523.4            1
     16308.4      61919.2            1
     16281.7      62316.5            1
       16255      62719.9            1
     16228.3      63111.9            1
     16201.6      63506.1            1
     16174.9      63898.7            1
     16148.2      64273.7            1
     16121.5        64639            1
     16094.8      64998.4            1
     16068.1      65352.4            1
     16041.3      65721.2            1
     16014.6        66140            1
     15987.9      66584.5            1
     15961.2      67019.7            1
     15934.5      67446.9            1
     15907.8      67882.2            1
     15881.1      68333.8            1
     15854.4      68803.3            1
     15827.7      69314.1            1
       15801      69843.5            1
     15774.3      70349.4            1
     15747.6      70841.2            1
     15720.9      71331.5            1
     15694.2      71830.8            1
     15667.5      72321.7            1
     15640.8      72793.8            1
     15614.1      73257.4            1
     15587.4      73734.6            1
     15560.7      74229.4            1
       15534      74770.4            1
     15507.3      75337.8            1
     15480.6      75898.4            1
     15453.9      76448.4            1
     15427.2        77001            1
     15400.5      77574.9            1
     15373.8      78171.1            1
     15347.1      78764.1            1
     15320.4      79341.5            1
     15293.7      79926.1            1
       15267      80504.2            1
     15240.3      81055.6            1
     15213.6      81618.2            1
     15186.9      82212.6            1
     15160.2      82799.3            1
     15133.5      83396.1            1
     15106.8      84027.6            1
     15080.1      84670.9            1
     15053.4        85323            1
     15026.7      85943.5            1
       15000      86532.6            1
     14973.3      87135.8            1
     14946.6        87773            1
     14919.9      88433.1            1
     14893.2      89084.5            1
     14866.5      89707.8            1
     14839.8      90284.9            1
     14813.1      90884.7            1
     14786.4      91558.4            1
     14759.7      92255.7            1
       14733      92968.6            1
     14706.3      93707.9            1
     14679.6      94427.3            1
     14652.9      95110.8            1
     14626.2      95772.2            1
     14599.5      96470.5            1
     14572.8      97242.6            1
     14546.1      98084.1            1
     14519.4      98958.7            1
     14492.7      99812.3            1
       14466       100635            1
     14439.3       101455            1
     14412.6       102305            1
     14385.9       103180            1
     14359.2       104077            1
     14332.5       104982            1
     14305.8       105861            1
     14279.1       106692            1
     14252.4       107478            1
     14225.7       108265            1
       14199       109079            1
     14172.3       109902            1
     14145.6       110711            1
     14118.9       111496            1
     14092.2       112273            1
     14065.5       113100            1
     14038.8       113977            1
     14012.1       114831            1
     13985.4       115605            1
     13958.7       116384            1
     13931.9       117249            1
     13905.2       118141            1
     13878.5       118979            1
     13851.8       119763            1
     13825.1       120544            1
     13798.4       121311            1
     13771.7       122086            1
       13745       122930            1
     13718.3       123808            1
     13691.6       124637            1
     13664.9       125463            1
     13638.2       126282            1
     13611.5       127024            1
     13584.8       127745            1
     13558.1       128472            1
     13531.4       129147            1
     13504.7       129811            1
       13478       130535            1
     13451.3       131345            1
     13424.6       132191            1
     13397.9       133120            1
     13371.2       134150            1
     13344.5       135213            1
     13317.8       136257            1
     13291.1       137253            1
     13264.4       138200            1
     13237.7       139074            1
       13211       139949            1
     13184.3       140800            1
     13157.6       141568            1
     13130.9       142301            1
     13104.2       143050            1
     13077.5       143821            1
     13050.8       144590            1
     13024.1       145292            1
     12997.4       145944            1
     12970.7       146606            1
       12944       147239            1
     12917.3       147799            1
     12890.6       148255            1
     12863.9       148667            1
     12837.2       149147            1
     12810.5       149683            1
     12783.8       150188            1
     12757.1       150646            1
     12730.4       151062            1
     12703.7       151380            1
       12677       151618            1
     12650.3       151846            1
     12623.6       152139            1
     12596.9       152526            1
     12570.2       153043            1
     12543.5       153727            1
     12516.8       154485            1
     12490.1       155244            1
     12463.4       155908            1
     12436.7       156404            1
       12410       156783            1
     12383.3       157161            1
     12356.6       157532            1
     12329.9       157866            1
     12303.2       158188            1
     12276.5       158455            1
     12249.8       158659            1
     12223.1       158796            1
     12196.4       158875            1
     12169.7       158920            1
       12143       158940            1
     12116.3       159012            1
     12089.6       159247            1
     12062.9       159605            1
     12036.2       160017            1
     12009.5       160480            1
     11982.8       160976            1
     11956.1       161454            1
     11929.4       161910            1
     11902.7       162314            1
       11876       162663            1
     11849.3       163020            1
     11822.6       163441            1
     11795.8       163857            1
     11769.1       164170            1
     11742.4       164316            1
     11715.7       164351            1
       11689       164336            1
     11662.3       164297            1
     11635.6       164227            1
     11608.9       164090            1
     11582.2       163832            1
     11555.5       163504            1
     11528.8       163218            1
     11502.1       163021            1
     11475.4       162866            1
     11448.7       162675            1
       11422       162478            1
     11395.3       162355            1
     11368.6       162343            1
     11341.9       162491            1
     11315.2       162750            1
     11288.5       163053            1
     11261.8       163402            1
     11235.1       163770            1
     11208.4       164207            1
     11181.7       164773            1
       11155       165404            1
     11128.3       166032            1
     11101.6       166575            1
     11074.9       167039            1
     11048.2       167492            1
     11021.5       167935            1
     10994.8       168320            1
     10968.1       168626            1
     10941.4       168856            1
     10914.7       169074            1
       10888       169265            1
     10861.3       169451            1
     10834.6       169661            1
     10807.9       169860            1
     10781.2       169983            1
     10754.5       170039            1
     10727.8       170054            1
     10701.1       170014            1
     10674.4       169971            1
     10647.7       170016            1
       10621       170201            1
     10594.3       170462            1
     10567.6       170804            1
     10540.9       171256            1
     10514.2       171741            1
     10487.5       172201            1
     10460.8       172624            1
     10434.1       173091            1
     10407.4       173697            1
     10380.7       174398            1
       10354       175126            1
     10327.3       175847            1
     10300.6       176548            1
     10273.9       177182            1
     10247.2       177722            1
     10220.5       178198            1
     10193.8       178705            1
     10167.1       179199            1
     10140.4       179559            1
     10113.7       179799            1
       10087       179967            1
     10060.3       180031            1
     10033.6       179963            1
     10006.9       179784            1
     9980.16       179606            1
     9953.46       179568            1
     9926.76       179664            1
     9900.06       179786            1
     9873.36       179828            1
     9846.66       179758            1
     9819.96       179691            1
     9793.26       179665            1
     9766.55       179558            1
     9739.85       179270            1
     9713.15       178769            1
     9686.45       178047            1
     9659.75       177209            1
     9633.05       176393            1
     9606.35       175683            1
     9579.65       175154            1
     9552.94       174780            1
     9526.24       174546            1
     9499.54       174512            1
     9472.84       174566            1
     9446.14       174672            1
     9419.44       174837            1
     9392.74       174997            1
     9366.04       175064            1
     9339.33       175047            1
     9312.63       174996            1
     9285.93       174878            1
     9259.23       174678            1
     9232.53       174430            1
     9205.83       174240            1
     9179.13       174210            1
     9152.43       174250            1
     9125.72       174147            1
     9099.02       173850            1
     9072.32       173491            1
     9045.62       173244            1
     9018.92       173143            1
     8992.22       173073            1
     8965.52       172944            1
     8938.82       172846            1
     8912.11       172801            1
     8885.41       172761            1
     8858.71       172723            1
     8832.01       172765            1
     8805.31       172748            1
     8778.61       172541            1
     8751.91       172084            1
     8725.21       171485            1
      8698.5       170891            1
      8671.8       170414            1
      8645.1       170063            1
      8618.4       169722            1
      8591.7       169302            1
        8565       168877            1
      8538.3       168501            1
      8511.6       168216            1
     8484.89       167976            1
     8458.19       167693            1
     8431.49       167336            1
     8404.79       166953            1
     8378.09       166489            1
     8351.39       165931            1
     8324.69       165380            1
     8297.99       164852            1
     8271.28       164301            1
     8244.58       163728            1
     8217.88       163085            1
     8191.18       162317            1
     8164.48       161391            1
     8137.78       160307            1
     8111.08       159077            1
     8084.38       157668            1
     8057.67       156072            1
     8030.97       154323            1
     8004.27       152532            1
     7977.57       150795            1
     7950.87       149072            1
     7924.17       147318            1
     7897.47       145574            1
     7870.77       143832            1
     7844.06       142028            1
     7817.36       140217            1
     7790.66       138453            1
     7763.96       136778            1
     7737.26       135216            1
     7710.56       133826            1
     7683.86       132561            1
     7657.16       131299            1
     7630.45       130095            1
     7603.75       129032            1
     7577.05       128115            1
     7550.35       127279            1
     7523.65       126440            1
     7496.95       125496            1
     7470.25       124445            1
     7443.55       123504            1
     7416.84       122682            1
     7390.14       121836            1
     7363.44       120978            1
     7336.74       120107            1
     7310.04       119298            1
     7283.34       118539            1
     7256.64       117681            1
     7229.94       116740            1
     7203.23       115777            1
     7176.53       114761            1
     7149.83       113614            1
     7123.13       112418            1
     7096.43       111176            1
     7069.73       109830            1
     7043.03       108422            1
     7016.33       106915            1
     6989.62       105258            1
     6962.92       103453            1
     6936.22       101543            1
     6909.52      99541.8            1
     6882.82      97444.5            1
     6856.12      95113.5            1
     6829.42        92523            1
     6802.72      89895.4            1
     6776.01      87380.9            1
     6749.31      85018.8            1
     6722.61      82766.5            1
     6695.91      80649.9            1
     6669.21      78605.3            1
     6642.51      76568.1            1
     6615.81      74574.1            1
     6589.11      72650.8            1
      6562.4        70842            1
      6535.7      69133.7            1
        6509      67470.6            1
      6482.3      65839.6            1
      6455.6      64273.7            1
      6428.9      62718.7            1
      6402.2      61212.4            1
      6375.5      59803.9            1
     6348.79      58481.5            1
     6322.09      57271.7            1
     6295.39      56144.2            1
     6268.69      55020.1            1
     6241.99      53903.7            1
     6215.29      52828.8            1
     6188.59      51808.9            1
     6161.89      50839.1            1
     6135.18      49871.5            1
     6108.48      48904.8            1
     6081.78      47957.7            1
     6055.08      47008.5            1
     6028.38      46100.3            1
     6001.68      45245.2            1
     5974.98        44328            1
     5948.28      43269.9            1
     5921.57      42154.6            1
     5894.87      41154.8            1
     5868.17      40320.2            1
     5841.47      39603.2            1
     5814.77      38985.8            1
     5788.07      38499.9            1
     5761.37      38012.3            1
     5734.67      37380.5            1
     5707.96      36700.4            1
     5681.26      36255.3            1
     5654.56      36302.9            1
     5627.86      36945.8            1
     5601.16      38133.4            1
     5574.46      38730.7            1
     5547.76        36000            1
     5521.06      30972.4            1
     5494.35      27201.4            1
     5467.65      24985.3            1
     5440.95      23657.6            1
     5414.25      22779.2            1
     5387.55      22088.8            1
     5360.85      21448.2            1
     5334.15        20833            1
     5307.45      20273.3            1
     5280.74      19751.7            1
     5254.04      19220.8            1
     5227.34      18745.8            1
     5200.64      18388.9            1
     5173.94      18098.7            1
     5147.24      17789.5            1
     5120.54      17382.1            1
     5093.84      16902.2            1
     5067.13      16467.5            1
     5040.43      16180.2            1
     5013.73      16025.7            1
     4987.03      15961.3            1
     4960.33      15937.2            1
     4933.63      15899.2            1
     4906.93      15856.3            1
     4880.23      15772.8            1
     4853.52      15622.1            1
     4826.82        15550            1
     4800.12      15657.5            1
     4773.42      15865.5            1
     4746.72      16035.4            1
     4720.02      16151.8            1
     4693.32      16332.1            1
     4666.62      16630.3            1
     4639.91        17012            1
     4613.21      17364.5            1
     4586.51      17654.6            1
     4559.81      17922.1            1
     4533.11      18199.2            1
     4506.41      18487.1            1
     4479.71      18789.7            1
     4453.01      19104.6            1
      4426.3      19454.1            1
      4399.6      19843.9            1
      4372.9      20246.3            1
      4346.2      20645.2            1
      4319.5      21068.3            1
      4292.8      21516.5            1
      4266.1        21996            1
      4239.4      22412.7            1
     4212.69      22716.9            1
     4185.99      23008.2            1
     4159.29      23308.1            1
     4132.59      23627.1            1
     4105.89      23982.1            1
     4079.19      24345.7            1
     4052.49      24734.3            1
     4025.79      25255.1            1
     3999.08      25922.3            1
     3972.38      26701.7            1
     3945.68      27551.3            1
     3918.98      28398.4            1
     3892.28      29147.2            1
     3865.58      29818.3            1
     3838.88      30522.6            1
     3812.18      31265.4            1
     3785.47      31951.5            1
     3758.77      32542.3            1
     3732.07      33072.1            1
     3705.37      33565.1            1
     3678.67      34021.8            1
     3651.97      34494.6            1
     3625.27      34985.3            1
     3598.57      35415.8            1
     3571.86      35772.1            1
     3545.16      36094.4            1
     3518.46      36473.6            1
     3491.76      36962.1            1
     3465.06        37509            1
     3438.36      38052.8            1
     3411.66      38618.1            1
     3384.96      39270.5            1
     3358.25      39982.9            1
     3331.55      40610.3            1
     3304.85      41130.2            1
     3278.15      41639.5            1
     3251.45      42122.4            1
     3224.75      42550.2            1
     3198.05      42965.9            1
     3171.35      43422.1            1
     3144.64      43878.8            1
     3117.94      44283.3            1
     3091.24      44616.2            1
     3064.54      44852.3            1
     3037.84      45025.4            1
     3011.14      45173.1            1
     2984.44      45310.6            1
     2957.74      45425.1            1
     2931.03      45515.9            1
     2904.33        45579            1
     2877.63      45535.7            1
     2850.93      45367.2            1
     2824.23      45163.3            1
     2797.53      44953.9            1
     2770.83      44747.2            1
     2744.13      44541.1            1
     2717.42        44362            1
     2690.72      44258.5            1
     2664.02      44200.3            1
     2637.32      44156.3            1
     2610.62      44184.9            1
     2583.92      44336.4            1
     2557.22      44533.7            1
     2530.52      44712.5            1
     2503.81      44954.9            1
     2477.11      45370.6            1
     2450.41      45866.5            1
     2423.71      46073.9            1
     2397.01      46125.9            1
     2370.31      46272.1            1
     2343.61      46535.3            1
     2316.91      46623.2            1
      2290.2        46509            1
      2263.5      46464.8            1
      2236.8      46509.5            1
      2210.1      46513.9            1
      2183.4      46342.9            1
      2156.7      46274.5            1
        2130      46537.4            1
      2103.3      46899.7            1
     2076.59      46963.2            1
     2049.89      46974.9            1
     2023.19      47066.8            1
     1996.49      47087.9            1
     1969.79        46623            1
     1943.09      45866.5            1
     1916.39      45387.5            1
     1889.69      45197.2            1
     1862.98      45126.9            1
     1836.28      45048.7            1
     1809.58      44926.2            1
     1782.88      44771.6            1
     1756.18        44642            1
     1729.48      44543.4            1
     1702.78      44430.5            1
     1676.08      44357.3            1
     1649.37      44392.4            1
     1622.67      44590.6            1
     1595.97      44857.4            1
     1569.27      44807.9            1
     1542.57        44474            1
     1515.87        44215            1
     1489.17      44110.4            1
     1462.47      44122.5            1
     1435.76      44225.9            1
     1409.06      44429.5            1
     1382.36      44687.9            1
     1355.66      44976.8            1
     1328.96      45347.2            1
     1302.26      45713.9            1
     1275.56      45829.5            1
     1248.86      45777.5            1
     1222.15      45826.9            1
     1195.45      45987.6            1
     1168.75      46195.6            1
     1142.05      46175.5            1
     1115.35      45845.9            1
     1088.65      45550.5            1
     1061.95      45782.4            1
     1035.25      46599.1            1
     1008.54      47100.2            1
     981.843      46374.7            1
     955.142      45364.8            1
     928.441      44416.6            1
     901.739      43649.3            1
     875.038      43226.7            1
     848.337      43123.1            1
     821.636        43315            1
     794.934        43679            1
     768.233      43846.7            1
     741.532      43739.7            1
     714.831      43711.4            1
     688.129        43866            1
     661.428      44301.1            1
     634.727      45110.3            1
     608.026      46077.8            1
     581.324      46947.1            1
     554.623      47592.5            1
     527.922      47110.7            1
     501.221        46117            1
     474.519        45515            1
     447.818      45263.9            1
     421.117      45099.8            1
     394.416      44824.8            1
     367.714      44429.4            1
     341.013      44077.3            1
     314.312      43804.9            1
     287.611      43743.9            1
     260.909      43688.5            1
     234.208      43499.7            1
     207.507      43273.6            1
     180.806        42835            1
     154.104        42146            1
     127.403      41480.7            1
     100.702      41136.1            1
     74.0006      41095.3            1
     47.2994      41095.7            1
     20.5981        41055            1
    -6.10314      41056.8            1
    -32.8044      40940.6            1
    -59.5056      40630.5            1
    -86.2069      40374.6            1
    -112.908      40244.5            1
    -139.609      40229.9            1
    -166.311      40284.8            1
    -193.012      40438.6            1
    -219.713      40734.2            1
    -246.414      41159.7            1
    -273.116      41679.8            1
    -299.817      42252.5            1
    -326.518      42985.3            1
    -353.219      43958.1            1
    -379.921      45142.1            1
    -406.622      46529.6            1
    -433.323      47786.4            1
    -460.024      48471.5            1
    -486.726      49013.6            1
    -513.427      49623.2            1
    -540.128        50331            1
    -566.829      50772.8            1
    -593.531      51187.1            1
    -620.232      51832.9            1
    -646.933      52453.8            1
    -673.634      52762.1            1
    -700.336      53065.3            1
    -727.037      53554.1            1
    -753.738      54233.7            1
    -780.439        54888            1
    -807.141      55473.4            1
    -833.842      56106.3            1
    -860.543      56650.7            1
    -887.244      57065.7            1
    -913.946      57183.4            1
    -940.647      57261.8            1
    -967.348      57483.5            1
    -994.049      57847.5            1
    -1020.75      58342.2            1
    -1047.45      58943.7            1
    -1074.15      59514.8            1
    -1100.85      60019.2            1
    -1127.56        60538            1
    -1154.26      61035.6            1
    -1180.96      61428.2            1
    -1207.66      61822.2            1
    -1234.36      62275.6            1
    -1261.06      62727.5            1
    -1287.76      63174.5            1
    -1314.46      63645.9            1
    -1341.17      64081.8            1
    -1367.87      64530.3            1
    -1394.57      65162.1            1
    -1421.27      66038.3            1
    -1447.97      67045.7            1
    -1474.67      68109.1            1
    -1501.37      69184.8            1
    -1528.07      70281.2            1
    -1554.78      71409.6            1
    -1581.48      72579.9            1
    -1608.18      73698.8            1
    -1634.88      74733.6            1
    -1661.58      75792.9            1
    -1688.28      77018.3            1
    -1714.98        78438            1
    -1741.68      79911.1            1
    -1768.39      81355.6            1
    -1795.09      82756.1            1
    -1821.79      84129.7            1
    -1848.49      85457.2            1
    -1875.19      86702.1            1
    -1901.89        87921            1
    -1928.59        89240            1
    -1955.29      90651.1            1
       -1982      92046.1            1
     -2008.7      93322.3            1
     -2035.4      94607.6            1
     -2062.1      95872.4            1
     -2088.8      96970.5            1
     -2115.5      97970.2            1
     -2142.2        99044            1
     -2168.9       100301            1
    -2195.61       101743            1
    -2222.31       103227            1
    -2249.01       104708            1
    -2275.71       106149            1
    -2302.41       107550            1
    -2329.11       108961            1
    -2355.81       110449            1
    -2382.51       111936            1
    -2409.22       113334            1
    -2435.92       114693            1
    -2462.62       116174            1
    -2489.32       117881            1
    -2516.02       119769            1
    -2542.72       121758            1
    -2569.42       123709            1
    -2596.12       125551            1
    -2622.83       127315            1
    -2649.53       129029            1
    -2676.23       130740            1
    -2702.93       132460            1
    -2729.63       134182            1
    -2756.33       135797            1
    -2783.03       137189            1
    -2809.73       138402            1
    -2836.44       139469            1
    -2863.14       140302            1
    -2889.84       140940            1
    -2916.54       141441            1
    -2943.24       141887            1
    -2969.94       142298            1
    -2996.64       142638            1
    -3023.34       142906            1
    -3050.05       143059            1
    -3076.75       143089            1
    -3103.45       142962            1
    -3130.15       142799            1
    -3156.85       142631            1
    -3183.55       142303            1
    -3210.25       141964            1
    -3236.95       141825            1
    -3263.66       141806            1
    -3290.36       141865            1
    -3317.06       141951            1
    -3343.76       142033            1
    -3370.46       142049            1
    -3397.16       141993            1
    -3423.86       141947            1
    -3450.56       142008            1
    -3477.27       142235            1
    -3503.97       142586            1
    -3530.67       143013            1
    -3557.37       143521            1
    -3584.07       144057            1
    -3610.77       144600            1
    -3637.47       145200            1
    -3664.17       145917            1
    -3690.88       146781            1
    -3717.58       147723            1
    -3744.28       148584            1
    -3770.98       149320            1
    -3797.68       149969            1
    -3824.38       150615            1
    -3851.08       151340            1
    -3877.78       152066            1
    -3904.49       152718            1
    -3931.19       153276            1
    -3957.89       153751            1
    -3984.59       154106            1
    -4011.29       154353            1
    -4037.99       154458            1
    -4064.69       154409            1
    -4091.39       154287            1
     -4118.1       154240            1
     -4144.8       154179            1
     -4171.5       153946            1
     -4198.2       153559            1
     -4224.9       153095            1
     -4251.6       152727            1
     -4278.3       152559            1
       -4305       152514            1
    -4331.71       152565            1
    -4358.41       152641            1
    -4385.11       152624            1
    -4411.81       152584            1
    -4438.51       152549            1
    -4465.21       152469            1
    -4491.91       152422            1
    -4518.61       152496            1
    -4545.32       152609            1
    -4572.02       152709            1
    -4598.72       152921            1
    -4625.42       153311            1
    -4652.12       153775            1
    -4678.82       154086            1
    -4705.52       154133            1
    -4732.22       154054            1
    -4758.93       154061            1
    -4785.63       154408            1
    -4812.33       155393            1
    -4839.03       157455            1
    -4865.73       160727            1
    -4892.43       162847            1
    -4919.13       161272            1
    -4945.83       158544            1
    -4972.54       156396            1
    -4999.24       154791            1
    -5025.94       153540            1
    -5052.64       152539            1
    -5079.34       151720            1
    -5106.04       151069            1
    -5132.74       150511            1
    -5159.44       149943            1
    -5186.15       149316            1
    -5212.85       148717            1
    -5239.55       148055            1
    -5266.25       147303            1
    -5292.95       146630            1
    -5319.65       146050            1
    -5346.35       145566            1
    -5373.05       145229            1
    -5399.76       144942            1
    -5426.46       144701            1
    -5453.16       144644            1
    -5479.86       144627            1
    -5506.56       144586            1
    -5533.26       144446            1
    -5559.96       144230            1
    -5586.66       143982            1
    -5613.37       143674            1
    -5640.07       143309            1
    -5666.77       142809            1
    -5693.47       142263            1
    -5720.17       141820            1
    -5746.87       141485            1
    -5773.57       141202            1
    -5800.27       140907            1
    -5826.98       140588            1
    -5853.68       140247            1
    -5880.38       139873            1
    -5907.08       139519            1
    -5933.78       139162            1
    -5960.48       138785            1
    -5987.18       138411            1
    -6013.88       137977            1
    -6040.59       137477            1
    -6067.29       136935            1
    -6093.99       136375            1
    -6120.69       135871            1
    -6147.39       135436            1
    -6174.09       135040            1
    -6200.79       134656            1
    -6227.49       134271            1
     -6254.2       133924            1
     -6280.9       133628            1
     -6307.6       133349            1
     -6334.3       133064            1
       -6361       132792            1
     -6387.7       132636            1
     -6414.4       132650            1
     -6441.1       132785            1
    -6467.81       132988            1
    -6494.51       133166            1
    -6521.21       133290            1
    -6547.91       133419            1
    -6574.61       133572            1
    -6601.31       133769            1
    -6628.01       134026            1
    -6654.71       134315            1
    -6681.42       134605            1
    -6708.12       135000            1
    -6734.82       135542            1
    -6761.52       136054            1
    -6788.22       136430            1
    -6814.92       136697            1
    -6841.62       136906            1
    -6868.32       137083            1
    -6895.03       137257            1
    -6921.73       137427            1
    -6948.43       137486            1
    -6975.13       137430            1
    -7001.83       137376            1
    -7028.53       137380            1
    -7055.23       137466            1
    -7081.93       137637            1
    -7108.64       137901            1
    -7135.34       138214            1
    -7162.04       138566            1
    -7188.74       138901            1
    -7215.44       139241            1
    -7242.14       139641            1
    -7268.84       140164            1
    -7295.54       140879            1
    -7322.25       141792            1
    -7348.95       142862            1
    -7375.65       144047            1
    -7402.35       145233            1
    -7429.05       146258            1
    -7455.75       147150            1
    -7482.45       148034            1
    -7509.15       148960            1
    -7535.86       149929            1
    -7562.56       150872            1
    -7589.26       151736            1
    -7615.96       152467            1
    -7642.66       153048            1
    -7669.36       153523            1
    -7696.06       153915            1
    -7722.76       154188            1
    -7749.47       154344            1
    -7776.17       154503            1
    -7802.87       154754            1
    -7829.57       155068            1
    -7856.27       155413            1
    -7882.97       155753            1
    -7909.67       156062            1
    -7936.37       156317            1
    -7963.08       156465            1
    -7989.78       156543            1
    -8016.48       156671            1
    -8043.18       156902            1
    -8069.88       157175            1
    -8096.58       157437            1
    -8123.28       157658            1
    -8149.98       157851            1
    -8176.69       158016            1
    -8203.39       158125            1
    -8230.09       158129            1
    -8256.79       158075            1
    -8283.49       158042            1
    -8310.19       157999            1
    -8336.89       157922            1
    -8363.59       157836            1
     -8390.3       157736            1
       -8417       157649            1
     -8443.7       157617            1
     -8470.4       157618            1
     -8497.1       157613            1
     -8523.8       157599            1
     -8550.5       157586            1
     -8577.2       157567            1
    -8603.91       157554            1
    -8630.61       157569            1
    -8657.31       157517            1
    -8684.01       157301            1
    -8710.71       156989            1
    -8737.41       156681            1
    -8764.11       156441            1
    -8790.81       156232            1
    -8817.52       156049            1
    -8844.22       155924            1
    -8870.92       155835            1
    -8897.62       155758            1
    -8924.32       155764            1
    -8951.02       155752            1
    -8977.72       155578            1
    -9004.42       155321            1
    -9031.13       155140            1
    -9057.83       155046            1
    -9084.53       154973            1
    -9111.23       154908            1
    -9137.93       154928            1
    -9164.63       155008            1
    -9191.33       155085            1
    -9218.03       155119            1
    -9244.74       155039            1
    -9271.44       154876            1
    -9298.14       154706            1
    -9324.84       154554            1
    -9351.54       154405            1
    -9378.24       154263            1
    -9404.94       154138            1
    -9431.64       154019            1
    -9458.35       153857            1
    -9485.05       153595            1
    -9511.75       153248            1
    -9538.45       152829            1
    -9565.15       152323            1
    -9591.85       151762            1
    -9618.55       151226            1
    -9645.25       150717            1
    -9671.96       150190            1
    -9698.66       149629            1
    -9725.36       149030            1
    -9752.06       148395            1
    -9778.76       147681            1
    -9805.46       146832            1
    -9832.16       145961            1
    -9858.86       145193            1
    -9885.57       144471            1
    -9912.27       143703            1
    -9938.97       142920            1
    -9965.67       142181            1
    -9992.37       141482            1
    -10019.1       140796            1
    -10045.8       140077            1
    -10072.5       139311            1
    -10099.2       138560            1
    -10125.9       137827            1
    -10152.6       137116            1
    -10179.3       136486            1
      -10206       135919            1
    -10232.7       135347            1
    -10259.4       134756            1
    -10286.1       134088            1
    -10312.8       133289            1
    -10339.5       132409            1
    -10366.2       131509            1
    -10392.9       130584            1
    -10419.6       129677            1
    -10446.3       128872            1
      -10473       128176            1
    -10499.7       127541            1
    -10526.4       126868            1
    -10553.1       126114            1
    -10579.8       125340            1
    -10606.5       124578            1
    -10633.2       123861            1
    -10659.9       123225            1
    -10686.6       122637            1
    -10713.3       122055            1
      -10740       121459            1
    -10766.7       120884            1
    -10793.4       120221            1
    -10820.1       119393            1
    -10846.8       118513            1
    -10873.5       117644            1
    -10900.2       116743            1
    -10926.9       115778            1
    -10953.6       114780            1
    -10980.3       113793            1
      -11007       112836            1
    -11033.7       111914            1
    -11060.4       111017            1
    -11087.1       110146            1
    -11113.8       109275            1
    -11140.5       108377            1
    -11167.2       107487            1
    -11193.9       106635            1
    -11220.6       105836            1
    -11247.3       105074            1
      -11274       104296            1
    -11300.7       103493            1
    -11327.4       102713            1
    -11354.1       101940            1
    -11380.8       101139            1
    -11407.5       100346            1
    -11434.2      99565.2            1
    -11460.9      98782.9            1
    -11487.6      98015.2            1
    -11514.3        97260            1
      -11541      96467.9            1
    -11567.7        95584            1
    -11594.4      94643.8            1
    -11621.1      93697.7            1
    -11647.8      92755.6            1
    -11674.5      91838.7            1
    -11701.3      90972.2            1
      -11728      90163.8            1
    -11754.7      89395.2            1
    -11781.4      88667.1            1
    -11808.1      87999.2            1
    -11834.8      87366.2            1
    -11861.5      86750.3            1
    -11888.2      86152.2            1
    -11914.9      85538.6            1
    -11941.6      84908.3            1
    -11968.3      84282.7            1
      -11995      83683.7            1
    -12021.7      83115.9            1
    -12048.4        82551            1
    -12075.1      81977.1            1
    -12101.8      81395.8            1
    -12128.5      80817.1            1
    -12155.2      80249.8            1
    -12181.9      79708.4            1
    -12208.6      79180.7            1
    -12235.3      78633.4            1
      -12262      78101.8            1
    -12288.7      77623.2            1
    -12315.4      77173.5            1
    -12342.1        76727            1
    -12368.8      76250.1            1
    -12395.5      75755.9            1
    -12422.2      75297.4            1
    -12448.9      74861.3            1
    -12475.6      74396.4            1
    -12502.3      73904.7            1
      -12529      73409.1            1
    -12555.7      72902.6            1
    -12582.4      72373.8            1
    -12609.1      71823.1            1
    -12635.8      71258.3            1
    -12662.5      70693.7            1
    -12689.2      70144.4            1
    -12715.9      69591.4            1
    -12742.6      69024.3            1
    -12769.3      68483.6            1
      -12796      67973.6            1
    -12822.7      67465.4            1
    -12849.4      66964.7            1
    -12876.1        66458            1
    -12902.8      65941.4            1
    -12929.5      65448.6            1
    -12956.2      64970.5            1
    -12982.9      64484.7            1
    -13009.6      63989.2            1
    -13036.3      63489.7            1
      -13063      63013.7            1
    -13089.7      62565.1            1
    -13116.4      62130.3            1
    -13143.1      61683.7            1
    -13169.8      61226.5            1
    -13196.5      60782.7            1
    -13223.2      60383.5            1
    -13249.9      60007.3            1
    -13276.6      59644.6            1
    -13303.3      59281.2            1
      -13330      58902.9            1
    -13356.7      58503.2            1
    -13383.4      58083.4            1
    -13410.1      57686.7            1
    -13436.8      57322.6            1
    -13463.5      56958.3            1
    -13490.2      56568.2            1
    -13516.9        56165            1
    -13543.6      55794.6            1
    -13570.3      55468.1            1
      -13597      55168.7            1
    -13623.7      54849.1            1
    -13650.4      54493.1            1
    -13677.1      54134.7            1
    -13703.8        53825            1
    -13730.5      53562.5            1
    -13757.2        53324            1
    -13783.9        53090            1
    -13810.6      52856.2            1
    -13837.4      52586.9            1
    -13864.1      52283.3            1
    -13890.8      51996.8            1
    -13917.5        51718            1
    -13944.2      51455.2            1
    -13970.9      51195.3            1
    -13997.6      50895.1            1
    -14024.3      50584.4            1
      -14051      50297.4            1
    -14077.7      50017.5            1
    -14104.4      49760.9            1
    -14131.1      49517.6            1
    -14157.8        49252            1
    -14184.5        48979            1
    -14211.2      48704.9            1
    -14237.9      48421.1            1
    -14264.6      48124.5            1
    -14291.3      47843.3            1
      -14318      47575.4            1
    -14344.7      47294.5            1
    -14371.4      47017.2            1
    -14398.1      46761.9            1
    -14424.8      46510.1            1
    -14451.5      46255.9            1
    -14478.2      46003.1            1
    -14504.9      45738.2            1
    -14531.6      45486.1            1
    -14558.3      45247.9            1
      -14585      44970.7            1
    -14611.7      44632.1            1
    -14638.4      44276.6            1
    -14665.1      43935.6            1
    -14691.8      43606.5            1
    -14718.5      43288.9            1
    -14745.2      42974.3            1
    -14771.9      42663.9            1
    -14798.6      42374.9            1
    -14825.3      42116.4            1
      -14852      41889.4            1
    -14878.7      41674.7            1
    -14905.4      41460.8            1
    -14932.1      41236.9            1
    -14958.8        41011            1
    -14985.5      40791.9            1
    -15012.2      40563.7            1
    -15038.9      40334.8            1
    -15065.6        40120            1
    -15092.3      39903.7            1
      -15119      39719.5            1
    -15145.7      39541.7            1
    -15172.4      39307.3            1
    -15199.1      39034.9            1
    -15225.8      38780.8            1
    -15252.5      38564.7            1
    -15279.2      38352.2            1
    -15305.9      38104.6            1
    -15332.6      37858.8            1
    -15359.3      37624.7            1
      -15386      37359.8            1
    -15412.7      37096.1            1
    -15439.4      36887.4            1
    -15466.1      36702.5            1
    -15492.8        36492            1
    -15519.5      36271.8            1
    -15546.2      36077.7            1
    -15572.9      35873.1            1
    -15599.6      35686.4            1
    -15626.3      35524.9            1
      -15653      35331.8            1
    -15679.7      35113.6            1
    -15706.4      34900.3            1
    -15733.1        34699            1
    -15759.8      34498.3            1
    -15786.5      34316.7            1
    -15813.2        34132            1
    -15839.9      33911.5            1
    -15866.6      33691.6            1
    -15893.3      33489.6            1
      -15920      33280.3            1
    -15946.8      33040.5            1
    -15973.5      32774.7            1
    -16000.2        32539            1
    -16076.4      31995.4            1
    -16152.7      31543.2            1
      -16229      30973.7            1
    -16305.3      30463.8            1
    -16381.6      30062.6            1
    -16457.9      29670.4            1
    -16534.2      29092.9            1
    -16610.5      28650.5            1
    -16686.8      28209.6            1
      -16763      27850.8            1
    -16839.3        27527            1
    -16915.6      27093.8            1
    -16991.9      26532.7            1
    -17068.2      26042.1            1
    -17144.5      25636.8            1
    -17220.8      25228.9            1
    -17297.1      24822.9            1
    -17373.4      24526.7            1
    -17449.6      24264.7            1
    -17525.9      23906.7            1
    -17602.2      23462.8            1
    -17678.5        23162            1
    -17754.8      22877.2            1
    -17831.1      22521.8            1
    -17907.4        22276            1
    -17983.7      21952.6            1
      -18060      21645.8            1
    -18136.3      21309.1            1
    -18212.5      20988.4            1
    -18288.8      20690.6            1
    -18365.1      20411.7            1
    -18441.4      20169.9            1
    -18517.7      19770.5            1
      -18594        19525            1
    -18670.3      19366.4            1
    -18746.6        19193            1
    -18822.9      18902.5            1
    -18899.1      18659.7            1
    -18975.4      18422.6            1
    -19051.7      18190.1            1
      -19128      18043.5            1
    -19204.3        17856            1
    -19280.6      17683.6            1
    -19356.9      17464.1            1
    -19433.2      17325.9            1
    -19509.5        17025            1
    -19585.7      16788.9            1
      -19662      16623.8            1
    -19738.3      16510.3            1
    -19814.6      16281.4            1
    -19890.9      16070.6            1
    -19967.2      15885.8            1
    -20043.5      15706.8            1
    -20119.8      15533.7            1
    -20196.1      15369.3            1
    -20272.4      15142.5            1
    -20348.6      15067.1            1
    -20424.9        14962            1
    -20501.2        14769            1
    -20577.5      14536.9            1
    -20653.8      14340.4            1
    -20730.1      14211.4            1
    -20806.4      14042.6            1
    -20882.7      13843.3            1
      -20959        13780            1
    -21035.2      13711.7            1
    -21111.5      13497.6            1
    -21187.8      13378.3            1
    -21264.1      13232.1            1
    -21340.4      13060.5            1
    -21416.7      12952.6            1
      -21493      12902.6            1
    -21569.3      12784.6            1
    -21645.6      12657.1            1
    -21721.8      12462.6            1
    -21798.1      12332.8            1
    -21874.4      12175.2            1
    -21950.7      12113.4            1
      -22027      11991.9            1
    -22103.3        11825            1
    -22179.6      11792.5            1
    -22255.9      11715.7            1
    -22332.2      11597.4            1
    -22408.5      11438.6            1
    -22484.7      11323.1            1
      -22561      11275.8            1
    -22637.3      11191.2            1
    -22713.6      11096.8            1
    -22789.9      10938.6            1
    -22866.2      10888.9            1
    -22942.5      10736.4            1
    -23018.8      10674.3            1
    -23095.1      10577.8            1
    -23171.3      10446.1            1
    -23247.6      10457.5            1
    -23323.9      10304.4            1
    -23400.2      10184.3            1
    -23476.5      10145.3            1
    -23552.8      10035.1            1
    -23629.1      9951.22            1
    -23705.4      9860.08            1
    -23781.7      9864.83            1
    -23857.9      9750.64            1
    -23934.2      9668.79            1
    -24010.5      9543.07            1
    -24086.8       9495.6            1
    -24163.1      9378.84            1
    -24239.4      9388.59            1
    -24315.7      9305.86            1
      -24392      9314.01            1
    -24468.3      9212.68            1
    -24544.6      9100.79            1
    -24620.8      9022.48            1
    -24697.1      8881.83            1
    -24773.4      8809.14            1
    -24849.7      8794.59            1
      -24926      8738.75            1
    -25002.3      8639.46            1
    -25078.6       8509.9            1
    -25154.9      8334.36            1
    -25231.2      8322.25            1
    -25307.4      8339.52            1
    -25383.7      8224.85            1
      -25460      8172.33            1
    -25536.3      8048.15            1
    -25612.6      8002.18            1
    -25688.9      7957.36            1
    -25765.2      7891.44            1
    -25841.5      7845.02            1
    -25917.8      7861.67            1
      -25994      7799.67            1
    -26070.3      7739.31            1
    -26146.6      7792.53            1
    -26222.9      7682.11            1
    -26299.2      7567.33            1
    -26375.5      7460.16            1
    -26451.8      7364.83            1
    -26528.1      7288.51            1
    -26604.4      7170.25            1
    -26680.7      7190.02            1
    -26756.9      7173.46            1
    -26833.2      7168.14            1
    -26909.5      7128.33            1
    -26985.8      7127.35            1
    -27062.1      7098.02            1
    -27138.4      6958.63            1
    -27214.7      6901.35            1
      -27291      6812.17            1
    -27367.3      6813.03            1
    -27443.5      6815.88            1
    -27519.8      6686.21            1
    -27596.1      6590.02            1
    -27672.4       6528.6            1
    -27748.7      6451.87            1
      -27825      6537.78            1
    -27901.3         6560            1
    -27977.6      6381.94            1
    -28053.9      6360.74            1
    -28130.1      6329.48            1
    -28206.4      6317.99            1
    -28282.7      6323.91            1
      -28359      6342.92            1
    -28435.3      6274.48            1
    -28511.6      6138.71            1
    -28587.9      6017.79            1
    -28664.2      6079.27            1
    -28740.5       6134.3            1
    -28816.8      6050.27            1
      -28893      5953.38            1
    -28969.3       5884.7            1
    -29045.6      5847.85            1
    -29121.9      5859.42            1
    -29198.2      5779.09            1
    -29274.5      5800.32            1
    -29350.8      5680.66            1
    -29427.1       5731.5            1
    -29503.4      5769.06            1
    -29579.6      5713.69            1
    -29655.9      5630.27            1
    -29732.2      5540.88            1
    -29808.5      5525.51            1
    -29884.8       5458.7            1
    -29961.1      5415.84            1
    -30037.4      5400.37            1
    -30113.7      5339.72            1
      -30190      5309.45            1
    -30266.2      5221.81            1
    -30342.5      5218.52            1
    -30418.8      5209.53            1
    -30495.1      5231.38            1
    -30571.4       5229.4            1
    -30647.7      5203.81            1
      -30724      5165.52            1
    -30800.3       5119.1            1
    -30876.6      5133.34            1
    -30952.9      5053.97            1
    -31029.1      4988.49            1
    -31105.4      5008.12            1
    -31181.7      5040.29            1
      -31258      4884.73            1
    -31334.3      4855.57            1
    -31410.6       4772.6            1
    -31486.9      4680.99            1
    -31563.2      4667.82            1
    -31639.5      4718.64            1
    -31715.7      4710.42            1
      -31792      4709.13            1
    -31868.3      4615.57            1
    -31944.6      4639.82            1
    -32020.9      4676.71            1
    -32097.2      4571.94            1
    -32173.5         4547            1
    -32249.8      4514.25            1
    -32326.1      4451.49            1
    -32402.3      4408.06            1
    -32478.6      4407.08            1
    -32554.9      4417.86            1
    -32631.2      4420.25            1
    -32707.5      4377.61            1
    -32783.8      4341.12            1
    -32860.1      4287.64            1
    -32936.4       4287.9            1
    -33012.7      4206.77            1
      -33089      4226.66            1
    -33165.2      4273.61            1
    -33241.5      4221.17            1
    -33317.8      4204.13            1
    -33394.1      4189.62            1
    -33470.4      4180.93            1
    -33546.7      4121.94            1
      -33623      4052.94            1
    -33699.3      4077.64            1
    -33775.6      4072.53            1
    -33851.8       3992.1            1
    -33928.1      4014.12            1
    -34004.4      3968.08            1
    -34080.7       3893.7            1
      -34157       3961.4            1
    -34233.3      3907.23            1
    -34309.6      3885.49            1
    -34385.9      3789.93            1
    -34462.2      3797.94            1
    -34538.4      3847.55            1
    -34614.7      3807.56            1
      -34691      3886.16            1
    -34767.3      3856.59            1
    -34843.6      3812.93            1
    -34919.9       3739.7            1
    -34996.2      3780.46            1