# DATA dum=1 
# Comment line 
# Three columns: x y ey 
# fitif 1,10 
        4000      44895.7            1
     3996.19      45048.2            1
     3992.38      45202.4            1
     3988.57      45358.7            1
     3984.76      45517.1            1
     3980.95      45677.8            1
     3977.13      45841.1            1
     3973.32      46006.9            1
     3969.51      46175.5            1
      3965.7      46346.7            1
     3961.89      46520.4            1
     3958.08      46696.6            1
     3954.27      46875.1            1
     3950.46      47055.6            1
     3946.65        47238            1
     3942.84      47421.9            1
     3939.02        47607            1
     3935.21      47793.1            1
      3931.4        47980            1
     3927.59      48167.5            1
     3923.78      48355.5            1
     3919.97      48543.9            1
     3916.16      48732.6            1
     3912.35      48921.6            1
     3908.54        49111            1
     3904.73      49300.7            1
     3900.91      49490.9            1
      3897.1      49681.5            1
     3893.29      49872.7            1
     3889.48      50064.5            1
     3885.67      50256.9            1
     3881.86      50449.9            1
     3878.05      50643.7            1
     3874.24      50838.2            1
     3870.43      51033.4            1
     3866.62      51229.5            1
      3862.8      51426.3            1
     3858.99        51624            1
     3855.18      51822.5            1
     3851.37        52022            1
     3847.56      52222.4            1
     3843.75      52423.8            1
     3839.94        52626            1
     3836.13      52829.1            1
     3832.32      53033.1            1
     3828.51      53237.8            1
      3824.7      53443.1            1
     3820.88      53649.1            1
     3817.07      53855.6            1
     3813.26      54062.6            1
     3809.45      54270.1            1
     3805.64      54477.9            1
     3801.83      54686.1            1
     3798.02      54894.5            1
     3794.21      55103.1            1
      3790.4      55311.9            1
     3786.59      55520.8            1
     3782.77      55729.9            1
     3778.96        55939            1
     3775.15      56148.1            1
     3771.34      56357.2            1
     3767.53      56566.2            1
     3763.72        56775            1
     3759.91      56983.5            1
      3756.1      57191.7            1
     3752.29      57399.4            1
     3748.48      57606.6            1
     3744.66      57813.4            1
     3740.85      58019.7            1
     3737.04      58225.7            1
     3733.23      58431.5            1
     3729.42      58637.1            1
     3725.61      58842.9            1
      3721.8      59048.9            1
     3717.99      59255.5            1
     3714.18      59462.9            1
     3710.37      59671.3            1
     3706.55        59881            1
     3702.74      60092.2            1
     3698.93      60305.3            1
     3695.12      60520.5            1
     3691.31      60737.9            1
      3687.5      60957.7            1
     3683.69      61180.1            1
     3679.88        61405            1
     3676.07      61632.5            1
     3672.26      61862.4            1
     3668.45      62094.6            1
     3664.63        62329            1
     3660.82      62565.3            1
     3657.01      62803.5            1
      3653.2      63043.3            1
     3649.39      63284.7            1
     3645.58      63527.7            1
     3641.77      63772.1            1
     3637.96        64018            1
     3634.15      64265.5            1
     3630.34      64514.5            1
     3626.52        64765            1
     3622.71      65017.1            1
      3618.9      65270.8            1
     3615.09      65526.1            1
     3611.28        65783            1
     3607.47      66041.5            1
     3603.66      66301.7            1
     3599.85      66563.5            1
     3596.04      66826.9            1
     3592.23        67092            1
     3588.41      67358.7            1
      3584.6        67627            1
     3580.79      67897.1            1
     3576.98      68168.9            1
     3573.17      68442.5            1
     3569.36        68718            1
     3565.55      68995.5            1
     3561.74      69275.3            1
     3557.93      69557.3            1
     3554.12      69841.9            1
      3550.3        70129            1
     3546.49      70418.9            1
     3542.68      70711.4            1
     3538.87      71006.8            1
     3535.06        71305            1
     3531.25      71605.9            1
     3527.44      71909.5            1
     3523.63        72216            1
     3519.82      72525.5            1
     3516.01        72838            1
      3512.2      73153.6            1
     3508.38      73472.4            1
     3504.57      73794.6            1
     3500.76      74120.2            1
     3496.95        74449            1
     3493.14        74781            1
     3489.33      75116.2            1
     3485.52      75454.3            1
     3481.71      75795.1            1
      3477.9      76138.5            1
     3474.09      76484.4            1
     3470.27      76832.5            1
     3466.46      77182.8            1
     3462.65      77535.1            1
     3458.84      77889.3            1
     3455.03      78245.5            1
     3451.22      78603.4            1
     3447.41      78963.2            1
      3443.6      79324.7            1
     3439.79      79687.9            1
     3435.98      80052.8            1
     3432.16      80419.5            1
     3428.35      80787.9            1
     3424.54      81158.3            1
     3420.73      81530.7            1
     3416.92      81905.3            1
     3413.11      82282.5            1
      3409.3      82662.4            1
     3405.49      83045.1            1
     3401.68      83430.9            1
     3397.87      83819.9            1
     3394.05        84212            1
     3390.24      84607.2            1
     3386.43      85005.5            1
     3382.62      85406.6            1
     3378.81      85810.6            1
        3375      86217.1            1
     3371.19      86626.2            1
     3367.38      87037.8            1
     3363.57      87451.8            1
     3359.76      87868.4            1
     3355.95      88287.5            1
     3352.13      88709.3            1
     3348.32      89133.9            1
     3344.51      89561.4            1
      3340.7      89991.9            1
     3336.89      90425.5            1
     3333.08      90862.1            1
     3329.27      91301.8            1
     3325.46      91744.5            1
     3321.65      92190.3            1
     3317.84        92639            1
     3314.02      93090.6            1
     3310.21      93545.3            1
      3306.4      94002.9            1
     3302.59      94463.6            1
     3298.78      94927.6            1
     3294.97      95394.9            1
     3291.16      95865.6            1
     3287.35        96340            1
     3283.54      96818.2            1
     3279.73      97300.4            1
     3275.91      97786.6            1
      3272.1        98277            1
     3268.29      98771.8            1
     3264.48        99271            1
     3260.67      99774.9            1
     3256.86       100284            1
     3253.05       100798            1
     3249.24       101317            1
     3245.43       101842            1
     3241.62       102373            1
      3237.8       102909            1
     3233.99       103452            1
     3230.18       104002            1
     3226.37       104557            1
     3222.56       105119            1
     3218.75       105688            1
     3214.94       106262            1
     3211.13       106843            1
     3207.32       107429            1
     3203.51       108021            1
      3199.7       108620            1
     3195.88       109224            1
     3192.07       109834            1
     3188.26       110449            1
     3184.45       111071            1
     3180.64       111699            1
     3176.83       112333            1
     3173.02       112973            1
     3169.21       113619            1
      3165.4       114270            1
     3161.59       114928            1
     3157.77       115591            1
     3153.96       116260            1
     3150.15       116936            1
     3146.34       117618            1
     3142.53       118307            1
     3138.72       119004            1
     3134.91       119708            1
      3131.1       120421            1
     3127.29       121143            1
     3123.48       121873            1
     3119.66       122612            1
     3115.85       123360            1
     3112.04       124118            1
     3108.23       124885            1
     3104.42       125661            1
     3100.61       126447            1
      3096.8       127242            1
     3092.99       128047            1
     3089.18       128862            1
     3085.37       129686            1
     3081.55       130521            1
     3077.74       131365            1
     3073.93       132220            1
     3070.12       133085            1
     3066.31       133960            1
      3062.5       134846            1
     3058.69       135742            1
     3054.88       136649            1
     3051.07       137566            1
     3047.26       138495            1
     3043.45       139435            1
     3039.63       140387            1
     3035.82       141352            1
     3032.01       142329            1
      3028.2       143319            1
     3024.39       144322            1
     3020.58       145340            1
     3016.77       146371            1
     3012.96       147417            1
     3009.15       148478            1
     3005.34       149554            1
     3001.52       150647            1
     2997.71       151755            1
      2993.9       152880            1
     2990.09       154022            1
     2986.28       155181            1
     2982.47       156358            1
     2978.66       157552            1
     2974.85       158763            1
     2971.04       159991            1
     2967.23       161237            1
     2963.41       162501            1
      2959.6       163782            1
     2955.79       165081            1
     2951.98       166398            1
     2948.17       167734            1
     2944.36       169088            1
     2940.55       170460            1
     2936.74       171852            1
     2932.93       173262            1
     2929.12       174690            1
      2925.3       176137            1
     2921.49       177601            1
     2917.68       179083            1
     2913.87       180582            1
     2910.06       182099            1
     2906.25       183633            1
     2902.44       185185            1
     2898.63       186756            1
     2894.82       188349            1
     2891.01       189964            1
      2887.2       191605            1
     2883.38       193273            1
     2879.57       194970            1
     2875.76       196699            1
     2871.95       198461            1
     2868.14       200257            1
     2864.33       202090            1
     2860.52       203959            1
     2856.71       205866            1
      2852.9       207813            1
     2849.09       209799            1
     2845.27       211827            1
     2841.46       213897            1
     2837.65       216011            1
     2833.84       218169            1
     2830.03       220373            1
     2826.22       222623            1
     2822.41       224921            1
      2818.6       227269            1
     2814.79       229667            1
     2810.98       232117            1
     2807.16       234620            1
     2803.35       237177            1
     2799.54       239790            1
     2795.73       242460            1
     2791.92       245187            1
     2788.11       247973            1
      2784.3       250819            1
     2780.49       253726            1
     2776.68       256696            1
     2772.87       259729            1
     2769.05       262829            1
     2765.24       265996            1
     2761.43       269234            1
     2757.62       272546            1
     2753.81       275935            1
        2750       279405            1
     2746.19       282960            1
     2742.38       286606            1
     2738.57       290347            1
     2734.76       294189            1
     2730.95       298137            1
     2727.13       302196            1
     2723.32       306373            1
     2719.51       310672            1
      2715.7       315099            1
     2711.89       319659            1
     2708.08       324356            1
     2704.27       329196            1
     2700.46       334185            1
     2696.65       339329            1
     2692.84       344635            1
     2689.02       350110            1
     2685.21       355763            1
      2681.4       361601            1
     2677.59       367635            1
     2673.78       373873            1
     2669.97       380327            1
     2666.16       387006            1
     2662.35       393923            1
     2658.54       401092            1
     2654.73       408526            1
     2650.91       416243            1
      2647.1       424259            1
     2643.29       432594            1
     2639.48       441270            1
     2635.67       450310            1
     2631.86       459738            1
     2628.05       469580            1
     2624.24       479866            1
     2620.43       490625            1
     2616.62       501889            1
      2612.8       513694            1
     2608.99       526075            1
     2605.18       539074            1
     2601.37       552732            1
     2597.56       567096            1
     2593.75       582214            1
     2589.94       598137            1
     2586.13       614919            1
     2582.32       632613            1
     2578.51       651272            1
      2574.7       670947            1
     2570.88       691683            1
     2567.07       713518            1
     2563.26       736479            1
     2559.45       760577            1
     2555.64       785803            1
     2551.83       812125            1
     2548.02       839484            1
     2544.21       867794            1
      2540.4       896936            1
     2536.59       926770            1
     2532.77       957128            1
     2528.96       987829            1
     2525.15  1.01868e+06            1
     2521.34  1.04951e+06            1
     2517.53  1.08012e+06            1
     2513.72  1.11036e+06            1
     2509.91  1.14009e+06            1
      2506.1  1.16922e+06            1
     2502.29  1.19765e+06            1
     2498.48  1.22537e+06            1
     2494.66  1.25234e+06            1
     2490.85   1.2786e+06            1
     2487.04   1.3042e+06            1
     2483.23  1.32919e+06            1
     2479.42  1.35368e+06            1
     2475.61  1.37776e+06            1
      2471.8  1.40155e+06            1
     2467.99  1.42518e+06            1
     2464.18  1.44878e+06            1
     2460.37  1.47247e+06            1
     2456.55  1.49639e+06            1
     2452.74  1.52067e+06            1
     2448.93   1.5454e+06            1
     2445.12   1.5707e+06            1
     2441.31  1.59664e+06            1
      2437.5  1.62328e+06            1
     2433.69  1.65066e+06            1
     2429.88  1.67881e+06            1
     2426.07  1.70773e+06            1
     2422.26  1.73744e+06            1
     2418.45  1.76793e+06            1
     2414.63  1.79922e+06            1
     2410.82  1.83132e+06            1
     2407.01  1.86429e+06            1
      2403.2  1.89819e+06            1
     2399.39  1.93312e+06            1
     2395.58  1.96918e+06            1
     2391.77  2.00651e+06            1
     2387.96  2.04529e+06            1
     2384.15   2.0857e+06            1
     2380.34  2.12791e+06            1
     2376.52  2.17216e+06            1
     2372.71  2.21864e+06            1
      2368.9  2.26759e+06            1
     2365.09  2.31923e+06            1
     2361.28  2.37379e+06            1
     2357.47  2.43151e+06            1
     2353.66  2.49263e+06            1
     2349.85   2.5574e+06            1
     2346.04   2.6261e+06            1
     2342.23  2.69898e+06            1
     2338.41  2.77635e+06            1
      2334.6  2.85851e+06            1
     2330.79  2.94579e+06            1
     2326.98  3.03854e+06            1
     2323.17  3.13714e+06            1
     2319.36  3.24199e+06            1
     2315.55  3.35351e+06            1
     2311.74  3.47219e+06            1
     2307.93  3.59848e+06            1
     2304.12  3.73291e+06            1
      2300.3  3.87597e+06            1
     2296.49  4.02816e+06            1
     2292.68  4.18992e+06            1
     2288.87  4.36163e+06            1
     2285.06  4.54353e+06            1
     2281.25  4.73568e+06            1
     2277.44  4.93791e+06            1
     2273.63  5.14967e+06            1
     2269.82  5.37003e+06            1
     2266.01  5.59749e+06            1
      2262.2  5.82992e+06            1
     2258.38  6.06447e+06            1
     2254.57  6.29748e+06            1
     2250.76  6.52454e+06            1
     2246.95   6.7405e+06            1
     2243.14  6.93977e+06            1
     2239.33  7.11657e+06            1
     2235.52  7.26544e+06            1
     2231.71  7.38175e+06            1
      2227.9  7.46215e+06            1
     2224.09  7.50499e+06            1
     2220.27  7.51047e+06            1
     2216.46   7.4805e+06            1
     2212.65  7.41835e+06            1
     2208.84  7.32811e+06            1
     2205.03  7.21412e+06            1
     2201.22  7.08051e+06            1
     2197.41  6.93093e+06            1
      2193.6  6.76848e+06            1
     2189.79  6.59587e+06            1
     2185.98  6.41567e+06            1
     2182.16  6.23051e+06            1
     2178.35  6.04323e+06            1
     2174.54  5.85682e+06            1
     2170.73  5.67425e+06            1
     2166.92  5.49822e+06            1
     2163.11  5.33084e+06            1
      2159.3  5.17337e+06            1
     2155.49  5.02608e+06            1
     2151.68  4.88818e+06            1
     2147.87  4.75786e+06            1
     2144.05  4.63248e+06            1
     2140.24  4.50879e+06            1
     2136.43  4.38331e+06            1
     2132.62  4.25266e+06            1
     2128.81  4.11402e+06            1
        2125  3.96545e+06            1
     2121.19  3.80617e+06            1
     2117.38  3.63659e+06            1
     2113.57  3.45827e+06            1
     2109.76  3.27364e+06            1
     2105.95  3.08566e+06            1
     2102.13  2.89746e+06            1
     2098.32  2.71199e+06            1
     2094.51  2.53181e+06            1
      2090.7  2.35893e+06            1
     2086.89  2.19481e+06            1
     2083.08  2.04036e+06            1
     2079.27  1.89603e+06            1
     2075.46  1.76188e+06            1
     2071.65  1.63772e+06            1
     2067.84  1.52312e+06            1
     2064.02  1.41757e+06            1
     2060.21  1.32046e+06            1
      2056.4  1.23114e+06            1
     2052.59    1.149e+06            1
     2048.78   1.0734e+06            1
     2044.97  1.00378e+06            1
     2041.16       939590            1
     2037.35       880345            1
     2033.54       825599            1
     2029.73       774952            1
     2025.91       728044            1
      2022.1       684552            1
     2018.29       644182            1
     2014.48       606672            1
     2010.67       571784            1
     2006.86       539299            1
     2003.05       509020            1
     1999.24       480769            1
     1995.43       454380            1
     1991.62       429705            1
      1987.8       406608            1
     1983.99       384966            1
     1980.18       364666            1
     1976.37       345604            1
     1972.56       327688            1
     1968.75       310832            1
     1964.94       294959            1
     1961.13       279996            1
     1957.32       265880            1
     1953.51       252550            1
      1949.7       239953            1
     1945.88       228040            1
     1942.07       216763            1
     1938.26       206083            1
     1934.45       195960            1
     1930.64       186359            1
     1926.83       177248            1
     1923.02       168596            1
     1919.21       160375            1
      1915.4       152558            1
     1911.59       145122            1
     1907.77       138043            1
     1903.96       131300            1
     1900.15       124873            1
     1896.34       118744            1
     1892.53       112895            1
     1888.72       107313            1
     1884.91       101981            1
      1881.1      96886.3            1
     1877.29      92017.4            1
     1873.48      87362.5            1
     1869.66      82911.2            1
     1865.85      78653.4            1
     1862.04      74580.1            1
     1858.23      70682.7            1
     1854.42      66953.2            1
     1850.61      63383.7            1
      1846.8      59967.1            1
     1842.99      56696.2            1
     1839.18      53564.1            1
     1835.37      50564.3            1
     1831.55      47690.4            1
     1827.74      44936.3            1
     1823.93      42296.3            1
     1820.12      39765.2            1
     1816.31      37337.8            1
      1812.5      35009.8            1
     1808.69      32776.6            1
     1804.88      30634.2            1
     1801.07      28578.7            1
     1797.26      26606.2            1
     1793.45      24713.2            1
     1789.63        22896            1
     1785.82      21151.6            1
     1782.01      19476.8            1
      1778.2        17869            1
     1774.39      16325.9            1
     1770.58      14845.3            1
     1766.77      13425.5            1
     1762.96      12064.7            1
     1759.15      10761.4            1
     1755.34      9513.78            1
     1751.52      8319.69            1
     1747.71      7176.72            1
      1743.9      6082.16            1
     1740.09      5032.98            1
     1736.28      4026.14            1
     1732.47      3058.75            1
     1728.66      2128.27            1
     1724.85       1232.7            1
     1721.04      370.656            1
     1717.23     -458.656            1
     1713.41     -1255.66            1
      1709.6     -2020.42            1
     1705.79     -2752.98            1
     1701.98     -3453.36            1
     1698.17     -4121.78            1
     1694.36     -4758.56            1
     1690.55      -5364.2            1
     1686.74     -5939.19            1
     1682.93     -6484.09            1
     1679.12     -6999.38            1
      1675.3      -7485.5            1
     1671.49     -7942.92            1
     1667.68     -8372.06            1
     1663.87     -8773.44            1
     1660.06     -9147.69            1
     1656.25     -9495.58            1
     1652.44     -9818.14            1
     1648.63     -10116.6            1
     1644.82     -10392.3            1
     1641.01     -10646.9            1
      1637.2     -10882.1            1
     1633.38     -11099.6            1
     1629.57     -11301.1            1
     1625.76     -11488.1            1
     1621.95     -11661.7            1
     1618.14     -11822.8            1
     1614.33       -11972            1
     1610.52     -12109.4            1
     1606.71     -12235.1            1
      1602.9     -12348.8            1
     1599.09     -12450.1            1
     1595.27     -12538.8            1
     1591.46     -12614.4            1
     1587.65     -12676.7            1
     1583.84     -12725.4            1
     1580.03     -12760.4            1
     1576.22     -12781.8            1
     1572.41     -12789.5            1
      1568.6     -12783.8            1
     1564.79     -12764.9            1
     1560.98       -12733            1
     1557.16     -12688.5            1
     1553.35     -12631.6            1
     1549.54     -12562.7            1
     1545.73       -12482            1
     1541.92     -12389.9            1
     1538.11       -12287            1
      1534.3     -12173.7            1
     1530.49     -12050.8            1
     1526.68     -11918.9            1
     1522.87       -11779            1
     1519.05       -11632            1
     1515.24     -11478.8            1
     1511.43     -11320.2            1
     1507.62     -11156.7            1
     1503.81     -10988.7            1
        1500     -10816.2            1
     1496.19     -10638.9            1
     1492.38     -10456.1            1
     1488.57     -10267.2            1
     1484.76       -10071            1
     1480.95     -9866.72            1
     1477.13     -9653.31            1
     1473.32     -9429.98            1
     1469.51     -9195.98            1
      1465.7     -8950.73            1
     1461.89     -8693.75            1
     1458.08     -8424.69            1
     1454.27     -8143.28            1
     1450.46     -7849.38            1
     1446.65     -7542.94            1
     1442.84        -7224            1
     1439.02      -6892.7            1
     1435.21      -6549.2            1
      1431.4     -6193.61            1
     1427.59     -5826.08            1
     1423.78     -5446.58            1
     1419.97     -5054.92            1
     1416.16      -4650.8            1
     1412.35     -4233.64            1
     1408.54     -3802.77            1
     1404.73      -3357.3            1
     1400.91     -2896.34            1
      1397.1        -2419            1
     1393.29     -1924.45            1
     1389.48        -1412            1
     1385.67     -881.297            1
     1381.86     -332.188            1
     1378.05      235.156            1
     1374.24      820.391            1
     1370.43      1422.89            1
     1366.62      2041.98            1
      1362.8         2677            1
     1358.99      3327.38            1
     1355.18      3992.75            1
     1351.37      4672.98            1
     1347.56      5368.09            1
     1343.75      6078.42            1
     1339.94      6804.36            1
     1336.13      7546.45            1
     1332.32      8305.28            1
     1328.51      9081.48            1
      1324.7      9875.64            1
     1320.88      10688.4            1
     1317.07      11520.4            1
     1313.26      12372.3            1
     1309.45      13244.9            1
     1305.64      14138.8            1
     1301.83      15054.8            1
     1298.02      15993.9            1
     1294.21      16956.9            1
      1290.4      17944.7            1
     1286.59      18958.5            1
     1282.77      19999.5            1
     1278.96      21069.1            1
     1275.15        22169            1
     1271.34      23301.1            1
     1267.53      24467.6            1
     1263.72      25670.7            1
     1259.91      26912.6            1
      1256.1      28195.8            1
     1252.29      29522.1            1
     1248.48      30893.6            1
     1244.66      32311.8            1
     1240.85      33778.3            1
     1237.04      35294.2            1
     1233.23      36860.8            1
     1229.42      38479.5            1
     1225.61      40151.9            1
      1221.8      41879.8            1
     1217.99      43665.5            1
     1214.18      45511.6            1
     1210.37      47421.2            1
     1206.55      49397.8            1
     1202.74      51445.5            1
     1198.93      53568.6            1
     1195.12      55772.2            1
     1191.31      58061.7            1
      1187.5      60443.1            1
     1183.69      62922.7            1
     1179.88      65507.8            1
     1176.07        68206            1
     1172.26      71025.6            1
     1168.45      73975.5            1
     1164.63      77065.3            1
     1160.82      80305.2            1
     1157.01      83705.9            1
      1153.2      87278.9            1
     1149.39      91036.5            1
     1145.58      94991.6            1
     1141.77      99158.1            1
     1137.96       103551            1
     1134.15       108186            1
     1130.34       113081            1
     1126.52       118254            1
     1122.71       123725            1
      1118.9       129513            1
     1115.09       135640            1
     1111.28       142127            1
     1107.47       148993            1
     1103.66       156256            1
     1099.85       163931            1
     1096.04       172029            1
     1092.23       180551            1
     1088.41       189493            1
      1084.6       198840            1
     1080.79       208564            1
     1076.98       218626            1
     1073.17       228970            1
     1069.36       239532            1
     1065.55       250232            1
     1061.74       260985            1
     1057.93       271698            1
     1054.12       282278            1
      1050.3       292635            1
     1046.49       302690            1
     1042.68       312373            1
     1038.87       321632            1
     1035.06       330435            1
     1031.25       338766            1
     1027.44       346633            1
     1023.63       354059            1
     1019.82       361087            1
     1016.01       367768            1
      1012.2       374168            1
     1008.38       380356            1
     1004.57       386404            1
     1000.76       392383            1
     996.951       398363            1
      993.14       404409            1
     989.329       410579            1
     985.518       416928            1
     981.707       423505            1
     977.896       430353            1
     974.085       437511            1
     970.274       445015            1
     966.463       452898            1
     962.652       461191            1
     958.841       469923            1
      955.03       479122            1
      951.22       488817            1
     947.409       499036            1
     943.598       509811            1
     939.787       521171            1
     935.976       533150            1
     932.165       545785            1
     928.354       559112            1
     924.543       573172            1
     920.732       588010            1
     916.921       603673            1
      913.11       620213            1
     909.299       637685            1
     905.488       656150            1
     901.677       675675            1
     897.866       696330            1
     894.055       718194            1
     890.244       741352            1
     886.433       765896            1
     882.622       791925            1
     878.811       819549            1
         875       848885            1
     871.189       880060            1
     867.378       913212            1
     863.567       948492            1
     859.756       986060            1
     855.945  1.02609e+06            1
     852.134  1.06877e+06            1
     848.323  1.11429e+06            1
     844.512  1.16287e+06            1
     840.701  1.21471e+06            1
      836.89  1.27005e+06            1
     833.079   1.3291e+06            1
     829.268  1.39207e+06            1
     825.457  1.45916e+06            1
     821.646  1.53055e+06            1
     817.835  1.60634e+06            1
     814.024   1.6866e+06            1
     810.213  1.77128e+06            1
     806.402  1.86017e+06            1
     802.591  1.95292e+06            1
      798.78  2.04892e+06            1
      794.97   2.1473e+06            1
     791.159  2.24686e+06            1
     787.348  2.34605e+06            1
     783.537  2.44296e+06            1
     779.726  2.53532e+06            1
     775.915  2.62062e+06            1
     772.104  2.69618e+06            1
     768.293  2.75937e+06            1
     764.482  2.80777e+06            1
     760.671  2.83947e+06            1
      756.86  2.85324e+06            1
     753.049   2.8487e+06            1
     749.238   2.8264e+06            1
     745.427  2.78778e+06            1
     741.616  2.73503e+06            1
     737.805   2.6709e+06            1
     733.994   2.5984e+06            1
     730.183  2.52058e+06            1
     726.372   2.4403e+06            1
     722.561  2.36009e+06            1
      718.75  2.28202e+06            1
     714.939  2.20768e+06            1
     711.128  2.13821e+06            1
     707.317  2.07432e+06            1
     703.506  2.01638e+06            1
     699.695  1.96445e+06            1
     695.884  1.91838e+06            1
     692.073  1.87785e+06            1
     688.262  1.84245e+06            1
     684.451  1.81171e+06            1
      680.64  1.78518e+06            1
     676.829  1.76239e+06            1
     673.018  1.74294e+06            1
     669.207  1.72649e+06            1
     665.396  1.71277e+06            1
     661.585  1.70156e+06            1
     657.774  1.69273e+06            1
     653.963  1.68619e+06            1
     650.152   1.6819e+06            1
     646.341  1.67986e+06            1
      642.53  1.68011e+06            1
      638.72  1.68268e+06            1
     634.909  1.68763e+06            1
     631.098  1.69502e+06            1
     627.287  1.70491e+06            1
     623.476  1.71734e+06            1
     619.665  1.73237e+06            1
     615.854  1.75005e+06            1
     612.043  1.77043e+06            1
     608.232  1.79357e+06            1
     604.421  1.81956e+06            1
      600.61  1.84847e+06            1
     596.799  1.88039e+06            1
     592.988  1.91543e+06            1
     589.177  1.95367e+06            1
     585.366   1.9952e+06            1
     581.555   2.0401e+06            1
     577.744  2.08842e+06            1
     573.933  2.14023e+06            1
     570.122  2.19558e+06            1
     566.311  2.25454e+06            1
       562.5  2.31716e+06            1
     558.689  2.38357e+06            1
     554.878  2.45389e+06            1
     551.067   2.5283e+06            1
     547.256  2.60703e+06            1
     543.445  2.69032e+06            1
     539.634  2.77848e+06            1
     535.823  2.87182e+06            1
     532.012  2.97066e+06            1
     528.201  3.07531e+06            1
      524.39  3.18601e+06            1
     520.579  3.30294e+06            1
     516.768   3.4261e+06            1
     512.957  3.55536e+06            1
     509.146   3.6903e+06            1
     505.335  3.83024e+06            1
     501.524  3.97417e+06            1
     497.713   4.1207e+06            1
     493.902  4.26813e+06            1
     490.091  4.41441e+06            1
      486.28  4.55731e+06            1
      482.47   4.6945e+06            1
     478.659   4.8238e+06            1
     474.848  4.94337e+06            1
     471.037  5.05196e+06            1
     467.226  5.14905e+06            1
     463.415  5.23505e+06            1
     459.604  5.31124e+06            1
     455.793  5.37973e+06            1
     451.982  5.44325e+06            1
     448.171   5.5049e+06            1
      444.36  5.56785e+06            1
     440.549  5.63499e+06            1
     436.738  5.70871e+06            1
     432.927  5.79061e+06            1
     429.116  5.88136e+06            1
     425.305  5.98052e+06            1
     421.494  6.08652e+06            1
     417.683  6.19659e+06            1
     413.872  6.30685e+06            1
     410.061  6.41243e+06            1
      406.25  6.50772e+06            1
     402.439  6.58672e+06            1
     398.628  6.64355e+06            1
     394.817  6.67297e+06            1
     391.006  6.67098e+06            1
     387.195  6.63531e+06            1
     383.384  6.56573e+06            1
     379.573  6.46413e+06            1
     375.762  6.33433e+06            1
     371.951  6.18169e+06            1
      368.14  6.01251e+06            1
     364.329  5.83346e+06            1
     360.518  5.65101e+06            1
     356.707  5.47103e+06            1
     352.896  5.29854e+06            1
     349.085  5.13757e+06            1
     345.274   4.9912e+06            1
     341.463   4.8616e+06            1
     337.652   4.7502e+06            1
     333.841  4.65778e+06            1
      330.03  4.58461e+06            1
      326.22  4.53058e+06            1
     322.409  4.49519e+06            1
     318.598  4.47764e+06            1
     314.787  4.47677e+06            1
     310.976  4.49108e+06            1
     307.165   4.5186e+06            1
     303.354  4.55687e+06            1
     299.543  4.60284e+06            1
     295.732  4.65286e+06            1
     291.921  4.70263e+06            1
      288.11  4.74735e+06            1
     284.299  4.78188e+06            1
     280.488  4.80102e+06            1
     276.677  4.79996e+06            1
     272.866  4.77469e+06            1
     269.055  4.72249e+06            1
     265.244  4.64219e+06            1
     261.433  4.53441e+06            1
     257.622  4.40141e+06            1
     253.811  4.24686e+06            1
         250  4.07536e+06            1
     246.189  3.89194e+06            1
     242.378   3.7016e+06            1
     238.567  3.50891e+06            1
     234.756  3.31778e+06            1
     230.945  3.13129e+06            1
     227.134  2.95175e+06            1
     223.323  2.78073e+06            1
     219.512  2.61916e+06            1
     215.701  2.46749e+06            1
      211.89  2.32577e+06            1
     208.079  2.19379e+06            1
     204.268  2.07117e+06            1
     200.457   1.9574e+06            1
     196.646  1.85192e+06            1
     192.835  1.75416e+06            1
     189.024  1.66354e+06            1
     185.213  1.57951e+06            1
     181.402  1.50155e+06            1
     177.591  1.42917e+06            1
      173.78   1.3619e+06            1
      169.97  1.29933e+06            1
     166.159  1.24108e+06            1
     162.348  1.18677e+06            1
     158.537  1.13609e+06            1
     154.726  1.08874e+06            1
     150.915  1.04444e+06            1
     147.104  1.00295e+06            1
     143.293       964030            1
     139.482       927486            1
     135.671       893127            1
      131.86       860781            1
     128.049       830292            1
     124.238       801518            1
     120.427       774329            1
     116.616       748609            1
     112.805       724248            1
     108.994       701150            1
     105.183       679225            1
     101.372       658391            1
      97.561       638574            1
       93.75       619706            1
      89.939       601725            1
      86.128       584575            1
     82.3171       568203            1
     78.5061       552562            1
     74.6951       537607            1
     70.8841       523298            1
     67.0732       509596            1
     63.2622       496467            1
     59.4512       483876            1
     55.6402       471795            1
     51.8293       460193            1
     48.0183       449046            1
     44.2073       438327            1
     40.3963       428014            1
     36.5854       418086            1
     32.7744       408524            1
     28.9634       399309            1
     25.1524       390424            1
     21.3415       381855            1
     17.5305       373586            1
     13.7195       365603            1
     9.90854       357895            1
     6.09756       350448            1
     2.28659       343251            1
    -1.52439       336291            1
    -5.33537       329559            1
    -9.14634       323042            1
    -12.9573       316731            1
    -16.7683       310615            1
    -20.5793       304686            1
    -24.3902       298933            1
    -28.2012       293350            1
    -32.0122       287930            1
    -35.8232       282665            1
    -39.6341       277550            1
    -43.4451       272580            1
    -47.2561       267749            1
    -51.0671       263054            1
     -54.878       258490            1
     -58.689       254052            1
       -62.5       249737            1
     -66.311       245541            1
     -70.122       241459            1
    -73.9329       237488            1
    -77.7439       233623            1
    -81.5549       229862            1
    -85.3659       226199            1
    -89.1768       222630            1
    -92.9878       219152            1
    -96.7988       215759            1
     -100.61       212447            1
    -104.421       209213            1
    -108.232       206053            1
    -112.043       202963            1
    -115.854       199943            1
    -119.665       196989            1
    -123.476       194100            1
    -127.287       191277            1
    -131.098       188517            1
    -134.909       185820            1
     -138.72       183185            1
     -142.53       180611            1
    -146.341       178097            1
    -150.152       175642            1
    -153.963       173244            1
    -157.774       170902            1
    -161.585       168613            1
    -165.396       166375            1
    -169.207       164187            1
    -173.018       162046            1
    -176.829       159949            1
     -180.64       157896            1
    -184.451       155885            1
    -188.262       153913            1
    -192.073       151980            1
    -195.884       150085            1
    -199.695       148227            1
    -203.506       146405            1
    -207.317       144617            1
    -211.128       142862            1
    -214.939       141138            1
     -218.75       139443            1
    -222.561       137775            1
    -226.372       136132            1
    -230.183       134513            1
    -233.994       132915            1
    -237.805       131339            1
    -241.616       129785            1
    -245.427       128251            1
    -249.238       126740            1
    -253.049       125252            1
     -256.86       123787            1
    -260.671       122348            1
    -264.482       120934            1
    -268.293       119546            1
    -272.104       118185            1
    -275.915       116850            1
    -279.726       115540            1
    -283.537       114256            1
    -287.348       112995            1
    -291.159       111758            1
     -294.97       110542            1
     -298.78       109347            1
    -302.591       108171            1
    -306.402       107015            1
    -310.213       105876            1
    -314.024       104755            1
    -317.835       103652            1
    -321.646       102567            1
    -325.457       101499            1
    -329.268       100449            1
    -333.079      99417.1            1
     -336.89      98402.8            1
    -340.701        97406            1
    -344.512      96426.3            1
    -348.323        95463            1
    -352.134      94515.5            1
    -355.945      93582.8            1
    -359.756      92663.9            1
    -363.567        91758            1
    -367.378      90864.1            1
    -371.189      89981.6            1
        -375      89109.8            1
    -378.811      88248.2            1
    -382.622      87396.5            1
    -386.433      86554.5            1
    -390.244        85722            1
    -394.055        84899            1
    -397.866      84085.6            1
    -401.677      83281.9            1
    -405.488      82487.9            1
    -409.299      81703.8            1
     -413.11      80929.7            1
    -416.921      80165.7            1
    -420.732      79411.6            1
    -424.543      78667.5            1
    -428.354        77933            1
    -432.165      77208.2            1
    -435.976      76492.8            1
    -439.787      75786.7            1
    -443.598      75090.1            1
    -447.409        74403            1
     -451.22      73725.6            1
     -455.03      73058.1            1
    -458.841      72400.8            1
    -462.652      71753.9            1
    -466.463      71117.4            1
    -470.274      70491.5            1
    -474.085      69875.9            1
    -477.896      69270.4            1
    -481.707      68674.7            1
    -485.518      68088.3            1
    -489.329      67510.7            1
     -493.14      66941.3            1
    -496.951      66379.5            1
    -500.762      65824.8            1
    -504.573      65276.5            1
    -508.384      64734.1            1
    -512.195      64197.1            1
    -516.006        63665            1
    -519.817      63137.4            1
    -523.628      62614.2            1
    -527.439        62095            1
     -531.25      61579.8            1
    -535.061      61068.6            1
    -538.872      60561.5            1
    -542.683      60058.7            1
    -546.494      59560.3            1
    -550.305      59066.5            1
    -554.116      58577.4            1
    -557.927        58093            1
    -561.738      57613.5            1
    -565.549      57138.8            1
     -569.36      56668.9            1
    -573.171      56203.8            1
    -576.982      55743.5            1
    -580.793        55288            1
    -584.604      54837.2            1
    -588.415      54391.3            1
    -592.226      53950.1            1
    -596.037      53513.7            1
    -599.848      53081.8            1
    -603.659      52654.3            1
     -607.47        52231            1
     -611.28      51811.6            1
    -615.091      51395.9            1
    -618.902      50983.5            1
    -622.713      50574.1            1
    -626.524      50167.3            1
    -630.335        49763            1
    -634.146      49360.7            1
    -637.957      48960.3            1
    -641.768      48561.9            1
    -645.579      48165.4            1
     -649.39      47770.9            1
    -653.201      47378.8            1
    -657.012      46989.4            1
    -660.823      46603.3            1
    -664.634      46220.8            1
    -668.445      45842.7            1
    -672.256      45469.3            1
    -676.067      45101.3            1
    -679.878      44739.1            1
    -683.689        44383            1
      -687.5      44033.3            1
    -691.311      43689.9            1
    -695.122      43353.1            1
    -698.933      43022.5            1
    -702.744        42698            1
    -706.555      42379.1            1
    -710.366      42065.6            1
    -714.177      41756.9            1
    -717.988      41452.5            1
    -721.799      41151.7            1
     -725.61      40854.1            1
    -729.421      40559.2            1
    -733.232      40266.5            1
    -737.043      39975.9            1
    -740.854      39687.2            1
    -744.665      39400.4            1
    -748.476      39115.5            1
    -752.287      38832.8            1
    -756.098      38552.4            1
    -759.909      38274.5            1
     -763.72      37999.4            1
     -767.53      37727.1            1
    -771.341      37457.7            1
    -775.152      37191.4            1
    -778.963        36928            1
    -782.774      36667.6            1
    -786.585        36410            1
    -790.396      36155.2            1
    -794.207        35903            1
    -798.018      35653.2            1
    -801.829      35405.8            1
     -805.64      35160.7            1
    -809.451      34917.8            1
    -813.262      34676.8            1
    -817.073      34437.8            1
    -820.884      34200.4            1
    -824.695      33964.4            1
    -828.506      33729.7            1
    -832.317      33496.1            1
    -836.128      33263.3            1
    -839.939      33031.3            1
     -843.75      32800.2            1
    -847.561      32569.9            1
    -851.372      32340.6            1
    -855.183      32112.6            1
    -858.994      31886.2            1
    -862.805      31661.4            1
    -866.616      31438.6            1
    -870.427      31217.8            1
    -874.238      30999.3            1
    -878.049      30782.8            1
     -881.86      30568.4            1
    -885.671      30355.9            1
    -889.482      30144.9            1
    -893.293      29935.1            1
    -897.104        29726            1
    -900.915      29517.3            1
    -904.726      29308.6            1
    -908.537      29099.5            1
    -912.348      28889.7            1
    -916.159      28679.2            1
     -919.97      28468.1            1
     -923.78      28256.3            1
    -927.591      28044.2            1
    -931.402        27832            1
    -935.213      27620.1            1
    -939.024      27408.7            1
    -942.835      27198.2            1
    -946.646      26988.9            1
    -950.457        26781            1
    -954.268      26574.6            1
    -958.079      26370.1            1
     -961.89      26167.5            1
    -965.701      25966.9            1
    -969.512      25768.6            1
    -973.323      25572.5            1
    -977.134      25378.8            1
    -980.945      25187.6            1
    -984.756        24999            1
    -988.567      24812.9            1
    -992.378      24629.5            1
    -996.189      24448.8            1