# DATA dum=1 
# Comment line 
# Three columns: x y ey 
# fitif 1,10 
        4000      45245.5            1
     3996.19      45386.8            1
     3992.38      45529.8            1
     3988.57      45675.1            1
     3984.76      45823.1            1
     3980.95      45974.2            1
     3977.13      46128.7            1
     3973.32        46287            1
     3969.51      46449.4            1
      3965.7      46615.8            1
     3961.89      46786.3            1
     3958.08      46960.7            1
     3954.27      47138.8            1
     3950.46      47320.4            1
     3946.65      47505.2            1
     3942.84      47692.9            1
     3939.02      47883.1            1
     3935.21      48075.7            1
      3931.4      48270.4            1
     3927.59      48467.1            1
     3923.78      48665.6            1
     3919.97      48865.5            1
     3916.16      49066.8            1
     3912.35      49269.2            1
     3908.54      49472.6            1
     3904.73      49676.8            1
     3900.91      49881.6            1
      3897.1        50087            1
     3893.29      50292.7            1
     3889.48      50498.7            1
     3885.67        50705            1
     3881.86      50911.3            1
     3878.05      51117.7            1
     3874.24      51324.1            1
     3870.43      51530.6            1
     3866.62      51737.2            1
      3862.8      51943.9            1
     3858.99      52150.7            1
     3855.18      52357.8            1
     3851.37      52565.1            1
     3847.56      52772.8            1
     3843.75      52980.6            1
     3839.94      53188.6            1
     3836.13      53396.7            1
     3832.32      53604.8            1
     3828.51      53812.6            1
      3824.7      54020.1            1
     3820.88      54227.2            1
     3817.07      54433.5            1
     3813.26      54639.2            1
     3809.45        54844            1
     3805.64        55048            1
     3801.83      55250.9            1
     3798.02      55452.9            1
     3794.21        55654            1
      3790.4      55854.2            1
     3786.59      56053.5            1
     3782.77        56252            1
     3778.96      56449.7            1
     3775.15      56646.5            1
     3771.34      56842.7            1
     3767.53      57038.1            1
     3763.72      57232.7            1
     3759.91      57426.7            1
      3756.1      57620.1            1
     3752.29      57812.9            1
     3748.48      58005.2            1
     3744.66      58197.3            1
     3740.85      58389.1            1
     3737.04        58581            1
     3733.23      58773.2            1
     3729.42      58965.8            1
     3725.61      59159.3            1
      3721.8        59354            1
     3717.99      59550.1            1
     3714.18        59748            1
     3710.37        59948            1
     3706.55      60150.5            1
     3702.74      60355.7            1
     3698.93      60563.9            1
     3695.12      60775.3            1
     3691.31      60990.1            1
      3687.5      61208.4            1
     3683.69      61430.2            1
     3679.88      61655.5            1
     3676.07      61884.3            1
     3672.26      62116.2            1
     3668.45      62351.3            1
     3664.63      62589.3            1
     3660.82      62830.1            1
     3657.01      63073.5            1
      3653.2      63319.2            1
     3649.39      63567.2            1
     3645.58      63817.2            1
     3641.77      64069.1            1
     3637.96      64322.7            1
     3634.15      64577.7            1
     3630.34      64834.1            1
     3626.52      65091.8            1
     3622.71      65350.5            1
      3618.9      65610.4            1
     3615.09      65871.4            1
     3611.28      66133.5            1
     3607.47      66396.9            1
     3603.66      66661.6            1
     3599.85      66927.8            1
     3596.04      67195.4            1
     3592.23      67464.6            1
     3588.41      67735.5            1
      3584.6      68008.1            1
     3580.79      68282.3            1
     3576.98      68558.2            1
     3573.17      68835.7            1
     3569.36      69114.7            1
     3565.55      69395.2            1
     3561.74      69677.3            1
     3557.93      69960.8            1
     3554.12      70245.8            1
      3550.3      70532.3            1
     3546.49      70820.4            1
     3542.68      71110.2            1
     3538.87      71401.6            1
     3535.06      71694.8            1
     3531.25      71989.8            1
     3527.44      72286.7            1
     3523.63      72585.5            1
     3519.82      72886.3            1
     3516.01      73189.2            1
      3512.2      73494.2            1
     3508.38      73801.6            1
     3504.57      74111.6            1
     3500.76      74424.2            1
     3496.95      74739.8            1
     3493.14      75058.5            1
     3489.33      75380.5            1
     3485.52        75706            1
     3481.71        76035            1
      3477.9      76367.6            1
     3474.09      76703.6            1
     3470.27        77043            1
     3466.46      77385.6            1
     3462.65      77731.2            1
     3458.84      78079.5            1
     3455.03      78430.3            1
     3451.22      78783.4            1
     3447.41      79138.4            1
      3443.6      79495.3            1
     3439.79      79853.7            1
     3435.98      80213.5            1
     3432.16      80574.8            1
     3428.35      80937.3            1
     3424.54      81301.3            1
     3420.73      81666.7            1
     3416.92      82033.8            1
     3413.11      82402.5            1
      3409.3      82773.2            1
     3405.49      83145.9            1
     3401.68      83520.6            1
     3397.87      83897.6            1
     3394.05      84277.1            1
     3390.24      84659.1            1
     3386.43      85044.1            1
     3382.62      85432.2            1
     3378.81      85823.7            1
        3375        86219            1
     3371.19      86618.3            1
     3367.38      87021.9            1
     3363.57      87429.8            1
     3359.76      87842.1            1
     3355.95      88258.7            1
     3352.13      88679.5            1
     3348.32      89104.4            1
     3344.51      89532.9            1
      3340.7      89964.9            1
     3336.89      90400.2            1
     3333.08      90838.5            1
     3329.27      91279.6            1
     3325.46      91723.6            1
     3321.65      92170.2            1
     3317.84      92619.7            1
     3314.02      93071.9            1
     3310.21      93527.2            1
      3306.4      93985.6            1
     3302.59      94447.4            1
     3298.78      94912.8            1
     3294.97      95381.8            1
     3291.16      95854.7            1
     3287.35      96331.5            1
     3283.54      96812.4            1
     3279.73      97297.1            1
     3275.91      97785.8            1
      3272.1      98278.5            1
     3268.29        98775            1
     3264.48      99275.5            1
     3260.67        99780            1
     3256.86       100289            1
     3253.05       100802            1
     3249.24       101319            1
     3245.43       101841            1
     3241.62       102367            1
      3237.8       102899            1
     3233.99       103435            1
     3230.18       103978            1
     3226.37       104526            1
     3222.56       105079            1
     3218.75       105639            1
     3214.94       106206            1
     3211.13       106779            1
     3207.32       107359            1
     3203.51       107945            1
      3199.7       108539            1
     3195.88       109139            1
     3192.07       109746            1
     3188.26       110360            1
     3184.45       110980            1
     3180.64       111607            1
     3176.83       112241            1
     3173.02       112881            1
     3169.21       113529            1
      3165.4       114184            1
     3161.59       114847            1
     3157.77       115517            1
     3153.96       116195            1
     3150.15       116881            1
     3146.34       117575            1
     3142.53       118277            1
     3138.72       118988            1
     3134.91       119706            1
      3131.1       120432            1
     3127.29       121166            1
     3123.48       121908            1
     3119.66       122659            1
     3115.85       123418            1
     3112.04       124186            1
     3108.23       124964            1
     3104.42       125750            1
     3100.61       126547            1
      3096.8       127354            1
     3092.99       128170            1
     3089.18       128998            1
     3085.37       129836            1
     3081.55       130685            1
     3077.74       131544            1
     3073.93       132415            1
     3070.12       133297            1
     3066.31       134189            1
      3062.5       135093            1
     3058.69       136008            1
     3054.88       136934            1
     3051.07       137871            1
     3047.26       138818            1
     3043.45       139777            1
     3039.63       140746            1
     3035.82       141726            1
     3032.01       142717            1
      3028.2       143718            1
     3024.39       144730            1
     3020.58       145754            1
     3016.77       146789            1
     3012.96       147835            1
     3009.15       148894            1
     3005.34       149965            1
     3001.52       151050            1
     2997.71       152149            1
      2993.9       153261            1
     2990.09       154389            1
     2986.28       155531            1
     2982.47       156689            1
     2978.66       157863            1
     2974.85       159053            1
     2971.04       160260            1
     2967.23       161484            1
     2963.41       162725            1
      2959.6       163985            1
     2955.79       165264            1
     2951.98       166563            1
     2948.17       167883            1
     2944.36       169224            1
     2940.55       170587            1
     2936.74       171972            1
     2932.93       173378            1
     2929.12       174807            1
      2925.3       176256            1
     2921.49       177726            1
     2917.68       179216            1
     2913.87       180724            1
     2910.06       182251            1
     2906.25       183796            1
     2902.44       185359            1
     2898.63       186941            1
     2894.82       188542            1
     2891.01       190165            1
      2887.2       191811            1
     2883.38       193481            1
     2879.57       195178            1
     2875.76       196904            1
     2871.95       198659            1
     2868.14       200446            1
     2864.33       202266            1
     2860.52       204119            1
     2856.71       206008            1
      2852.9       207933            1
     2849.09       209896            1
     2845.27       211898            1
     2841.46       213940            1
     2837.65       216024            1
     2833.84       218152            1
     2830.03       220324            1
     2826.22       222543            1
     2822.41       224810            1
      2818.6       227126            1
     2814.79       229491            1
     2810.98       231908            1
     2807.16       234378            1
     2803.35       236900            1
     2799.54       239477            1
     2795.73       242109            1
     2791.92       244798            1
     2788.11       247544            1
      2784.3       250350            1
     2780.49       253216            1
     2776.68       256146            1
     2772.87       259140            1
     2769.05       262203            1
     2765.24       265337            1
     2761.43       268545            1
     2757.62       271831            1
     2753.81       275200            1
        2750       278656            1
     2746.19       282202            1
     2742.38       285844            1
     2738.57       289586            1
     2734.76       293432            1
     2730.95       297389            1
     2727.13       301460            1
     2723.32       305651            1
     2719.51       309968            1
      2715.7       314415            1
     2711.89       318999            1
     2708.08       323723            1
     2704.27       328594            1
     2700.46       333617            1
     2696.65       338796            1
     2692.84       344138            1
     2689.02       349649            1
     2685.21       355335            1
      2681.4       361204            1
     2677.59       367265            1
     2673.78       373527            1
     2669.97       380001            1
     2666.16       386698            1
     2662.35       393631            1
     2658.54       400815            1
     2654.73       408264            1
     2650.91       415996            1
      2647.1       424028            1
     2643.29       432382            1
     2639.48       441076            1
     2635.67       450136            1
     2631.86       459583            1
     2628.05       469446            1
     2624.24       479751            1
     2620.43       490527            1
     2616.62       501808            1
      2612.8       513626            1
     2608.99       526019            1
     2605.18       539028            1
     2601.37       552693            1
     2597.56       567062            1
     2593.75       582183            1
     2589.94       598108            1
     2586.13       614888            1
     2582.32       632580            1
     2578.51       651236            1
      2574.7       670910            1
     2570.88       691648            1
     2567.07       713490            1
     2563.26       736465            1
     2559.45       760586            1
     2555.64       785848            1
     2551.83       812220            1
     2548.02       839647            1
     2544.21       868042            1
      2540.4       897290            1
     2536.59       927249            1
     2532.77       957753            1
     2528.96       988617            1
     2525.15  1.01965e+06            1
     2521.34  1.05066e+06            1
     2517.53  1.08146e+06            1
     2513.72   1.1119e+06            1
     2509.91  1.14182e+06            1
      2506.1  1.17113e+06            1
     2502.29  1.19974e+06            1
     2498.48  1.22761e+06            1
     2494.66  1.25473e+06            1
     2490.85  1.28111e+06            1
     2487.04  1.30681e+06            1
     2483.23   1.3319e+06            1
     2479.42  1.35646e+06            1
     2475.61  1.38061e+06            1
      2471.8  1.40446e+06            1
     2467.99  1.42814e+06            1
     2464.18  1.45178e+06            1
     2460.37  1.47552e+06            1
     2456.55  1.49948e+06            1
     2452.74  1.52379e+06            1
     2448.93  1.54855e+06            1
     2445.12  1.57387e+06            1
     2441.31  1.59982e+06            1
      2437.5  1.62647e+06            1
     2433.69  1.65384e+06            1
     2429.88  1.68198e+06            1
     2426.07  1.71087e+06            1
     2422.26  1.74053e+06            1
     2418.45  1.77097e+06            1
     2414.63  1.80219e+06            1
     2410.82  1.83421e+06            1
     2407.01  1.86709e+06            1
      2403.2  1.90089e+06            1
     2399.39   1.9357e+06            1
     2395.58  1.97165e+06            1
     2391.77  2.00886e+06            1
     2387.96  2.04752e+06            1
     2384.15  2.08779e+06            1
     2380.34  2.12988e+06            1
     2376.52    2.174e+06            1
     2372.71  2.22037e+06            1
      2368.9   2.2692e+06            1
     2365.09  2.32073e+06            1
     2361.28  2.37519e+06            1
     2357.47  2.43281e+06            1
     2353.66  2.49385e+06            1
     2349.85  2.55856e+06            1
     2346.04  2.62719e+06            1
     2342.23  2.70003e+06            1
     2338.41  2.77737e+06            1
      2334.6  2.85952e+06            1
     2330.79  2.94682e+06            1
     2326.98  3.03961e+06            1
     2323.17  3.13828e+06            1
     2319.36  3.24324e+06            1
     2315.55  3.35493e+06            1
     2311.74  3.47381e+06            1
     2307.93  3.60038e+06            1
     2304.12  3.73516e+06            1
      2300.3  3.87866e+06            1
     2296.49  4.03139e+06            1
     2292.68   4.1938e+06            1
     2288.87   4.3663e+06            1
     2285.06  4.54913e+06            1
     2281.25  4.74238e+06            1
     2277.44  4.94588e+06            1
     2273.63   5.1591e+06            1
     2269.82   5.3811e+06            1
     2266.01  5.61037e+06            1
      2262.2  5.84476e+06            1
     2258.38  6.08136e+06            1
     2254.57  6.31646e+06            1
     2250.76  6.54552e+06            1
     2246.95  6.76328e+06            1
     2243.14  6.96398e+06            1
     2239.33  7.14168e+06            1
     2235.52  7.29078e+06            1
     2231.71   7.4065e+06            1
      2227.9  7.48546e+06            1
     2224.09  7.52605e+06            1
     2220.27  7.52856e+06            1
     2216.46  7.49508e+06            1
     2212.65  7.42908e+06            1
     2208.84  7.33487e+06            1
     2205.03  7.21696e+06            1
     2201.22  7.07962e+06            1
     2197.41  6.92658e+06            1
      2193.6  6.76102e+06            1
     2189.79   6.5857e+06            1
     2185.98  6.40324e+06            1
     2182.16  6.21632e+06            1
     2178.35   6.0278e+06            1
     2174.54  5.84066e+06            1
     2170.73  5.65784e+06            1
     2166.92  5.48192e+06            1
     2163.11  5.31488e+06            1
      2159.3  5.15781e+06            1
     2155.49  5.01079e+06            1
     2151.68  4.87282e+06            1
     2147.87  4.74194e+06            1
     2144.05  4.61535e+06            1
     2140.24  4.48973e+06            1
     2136.43   4.3616e+06            1
     2132.62  4.22767e+06            1
     2128.81  4.08529e+06            1
        2125  3.93277e+06            1
     2121.19  3.76958e+06            1
     2117.38  3.59642e+06            1
     2113.57  3.41507e+06            1
     2109.76  3.22813e+06            1
     2105.95  3.03862e+06            1
     2102.13  2.84966e+06            1
     2098.32  2.66416e+06            1
     2094.51  2.48455e+06            1
      2090.7  2.31273e+06            1
     2086.89  2.15003e+06            1
     2083.08  1.99725e+06            1
     2079.27  1.85473e+06            1
     2075.46  1.72247e+06            1
     2071.65   1.6002e+06            1
     2067.84  1.48746e+06            1
     2064.02   1.3837e+06            1
     2060.21   1.2883e+06            1
      2056.4   1.2006e+06            1
     2052.59  1.11997e+06            1
     2048.78  1.04579e+06            1
     2044.97       977493            1
     2041.16       914541            1
     2037.35       856450            1
     2033.54       802784            1
     2029.73       753148            1
     2025.91       707189            1
      2022.1       664588            1
     2018.29       625058            1
     2014.48       588340            1
     2010.67       554197            1
     2006.86       522415            1
     2003.05       492799            1
     1999.24       465172            1
     1995.43       439373            1
     1991.62       415253            1
      1987.8       392680            1
     1983.99       371531            1
     1980.18       351697            1
     1976.37       333078            1
     1972.56       315582            1
     1968.75       299127            1
     1964.94       283636            1
     1961.13       269041            1
     1957.32       255278            1
     1953.51       242291            1
      1949.7       230025            1
     1945.88       218433            1
     1942.07       207469            1
     1938.26       197094            1
     1934.45       187268            1
     1930.64       177956            1
     1926.83       169127            1
     1923.02       160750            1
     1919.21       152797            1
      1915.4       145241            1
     1911.59       138058            1
     1907.77       131225            1
     1903.96       124721            1
     1900.15       118526            1
     1896.34       112621            1
     1892.53       106991            1
     1888.72       101618            1
     1884.91      96489.2            1
      1881.1      91590.6            1
     1877.29      86910.1            1
     1873.48      82436.6            1
     1869.66      78159.7            1
     1865.85        74070            1
     1862.04      70158.4            1
     1858.23      66416.7            1
     1854.42      62837.1            1
     1850.61        59412            1
      1846.8      56134.2            1
     1842.99        52997            1
     1839.18      49993.7            1
     1835.37      47118.1            1
     1831.55      44364.2            1
     1827.74      41726.5            1
     1823.93      39199.4            1
     1820.12      36778.2            1
     1816.31      34457.9            1
      1812.5      32234.3            1
     1808.69      30103.1            1
     1804.88      28060.6            1
     1801.07      26103.1            1
     1797.26      24227.3            1
     1793.45      22429.9            1
     1789.63      20708.1            1
     1785.82      19059.1            1
     1782.01      17480.4            1
      1778.2      15969.6            1
     1774.39      14524.8            1
     1770.58      13143.8            1
     1766.77      11824.8            1
     1762.96      10565.8            1
     1759.15      9364.66            1
     1755.34      8219.09            1
     1751.52      7126.56            1
     1747.71      6084.28            1
      1743.9      5089.25            1
     1740.09      4138.36            1
     1736.28      3228.53            1
     1732.47      2356.67            1
     1728.66      1519.92            1
     1724.85      715.672            1
     1721.04     -58.4375            1
     1717.23     -804.547            1
     1713.41     -1524.39            1
      1709.6     -2219.41            1
     1705.79     -2890.61            1
     1701.98     -3538.67            1
     1698.17     -4163.89            1
     1694.36     -4766.19            1
     1690.55     -5345.34            1
     1686.74     -5900.94            1
     1682.93     -6432.62            1
     1679.12     -6940.08            1
      1675.3     -7423.22            1
     1671.49     -7882.09            1
     1667.68     -8317.02            1
     1663.87     -8728.42            1
     1660.06     -9116.95            1
     1656.25     -9483.36            1
     1652.44      -9828.5            1
     1648.63     -10153.3            1
     1644.82     -10458.8            1
     1641.01       -10746            1
      1637.2     -11015.8            1
     1633.38     -11269.2            1
     1629.57     -11507.2            1
     1625.76     -11730.6            1
     1621.95     -11940.2            1
     1618.14     -12136.8            1
     1614.33     -12320.8            1
     1610.52     -12492.8            1
     1606.71     -12652.9            1
      1602.9     -12801.2            1
     1599.09     -12937.5            1
     1595.27     -13061.1            1
     1591.46     -13171.5            1
     1587.65     -13267.7            1
     1583.84       -13349            1
     1580.03     -13414.6            1
     1576.22     -13463.7            1
     1572.41       -13496            1
      1568.6     -13511.4            1
     1564.79     -13509.8            1
     1560.98     -13491.6            1
     1557.16     -13457.5            1
     1553.35     -13408.3            1
     1549.54     -13344.9            1
     1545.73     -13268.3            1
     1541.92     -13179.6            1
     1538.11     -13080.1            1
      1534.3     -12970.7            1
     1530.49     -12852.5            1
     1526.68     -12726.8            1
     1522.87     -12594.4            1
     1519.05     -12456.2            1
     1515.24     -12313.1            1
     1511.43     -12165.8            1
     1507.62     -12014.5            1
     1503.81     -11859.6            1
        1500     -11700.7            1
     1496.19     -11537.5            1
     1492.38     -11369.2            1
     1488.57       -11195            1
     1484.76     -11013.7            1
     1480.95     -10824.3            1
     1477.13     -10625.7            1
     1473.32     -10416.8            1
     1469.51     -10196.8            1
      1465.7      -9964.7            1
     1461.89      -9719.8            1
     1458.08     -9461.44            1
     1454.27     -9189.11            1
     1450.46     -8902.47            1
     1446.65     -8601.33            1
     1442.84     -8285.64            1
     1439.02     -7955.47            1
     1435.21     -7610.97            1
      1431.4     -7252.33            1
     1427.59     -6879.78            1
     1423.78     -6493.42            1
     1419.97     -6093.34            1
     1416.16     -5679.42            1
     1412.35     -5251.47            1
     1408.54     -4809.12            1
     1404.73     -4351.97            1
     1400.91     -3879.48            1
      1397.1      -3391.2            1
     1393.29      -2886.7            1
     1389.48     -2365.69            1
     1385.67     -1827.94            1
     1381.86     -1273.42            1
     1378.05     -702.141            1
     1374.24     -114.219            1
     1370.43       490.25            1
     1366.62      1111.22            1
      1362.8      1748.66            1
     1358.99      2402.59            1
     1355.18      3073.16            1
     1351.37      3760.53            1
     1347.56      4464.98            1
     1343.75      5186.86            1
     1339.94      5926.48            1
     1336.13      6684.23            1
     1332.32      7460.48            1
     1328.51      8255.61            1
      1324.7      9069.92            1
     1320.88      9903.78            1
     1317.07      10757.6            1
     1313.26      11631.7            1
     1309.45      12526.7            1
     1305.64      13443.4            1
     1301.83      14382.5            1
     1298.02      15345.3            1
     1294.21      16333.1            1
      1290.4      17347.3            1
     1286.59      18389.6            1
     1282.77      19461.9            1
     1278.96      20565.9            1
     1275.15      21703.5            1
     1271.34      22876.6            1
     1267.53      24086.8            1
     1263.72      25335.8            1
     1259.91      26625.2            1
      1256.1      27956.3            1
     1252.29      29330.3            1
     1248.48      30748.5            1
     1244.66        32212            1
     1240.85      33721.8            1
     1237.04      35279.1            1
     1233.23      36885.1            1
     1229.42        38541            1
     1225.61      40248.5            1
      1221.8      42009.3            1
     1217.99      43825.7            1
     1214.18        45700            1
     1210.37      47635.1            1
     1206.55      49634.5            1
     1202.74        51702            1
     1198.93      53841.9            1
     1195.12      56059.2            1
     1191.31      58359.4            1
      1187.5      60748.8            1
     1183.69      63233.9            1
     1179.88      65822.2            1
     1176.07      68521.5            1
     1172.26      71340.4            1
     1168.45        74288            1
     1164.63      77373.9            1
     1160.82      80608.4            1
     1157.01      84002.5            1
      1153.2        87568            1
     1149.39      91317.2            1
     1145.58      95263.6            1
     1141.77      99421.2            1
     1137.96       103805            1
     1134.15       108433            1
     1130.34       113320            1
     1126.52       118487            1
     1122.71       123953            1
      1118.9       129738            1
     1115.09       135863            1
     1111.28       142350            1
     1107.47       149219            1
     1103.66       156487            1
     1099.85       164172            1
     1096.04       172283            1
     1092.23       180824            1
     1088.41       189793            1
      1084.6       199173            1
     1080.79       208938            1
     1076.98       219049            1
     1073.17       229451            1
     1069.36       240076            1
     1065.55       250846            1
     1061.74       261671            1
     1057.93       272456            1
     1054.12       283105            1
      1050.3       293525            1
     1046.49       303633            1
     1042.68       313356            1
     1038.87       322640            1
     1035.06       331450            1
     1031.25       339772            1
     1027.44       347612            1
     1023.63       354996            1
     1019.82       361966            1
     1016.01       368578            1
      1012.2       374900            1
     1008.38       381004            1
     1004.57       386965            1
     1000.76       392857            1
     996.951       398752            1
      993.14       404718            1
     989.329       410813            1
     985.518       417093            1
     981.707       423608            1
     977.896       430399            1
     974.085       437507            1
     970.274       444965            1
     966.463       452805            1
     962.652       461058            1
     958.841       469752            1
      955.03       478915            1
      951.22       488575            1
     947.409       498760            1
     943.598       509501            1
     939.787       520830            1
     935.976       532780            1
     932.165       545387            1
     928.354       558690            1
     924.543       572729            1
     920.732       587551            1
     916.921       603203            1
      913.11       619737            1
     909.299       637210            1
     905.488       655682            1
     901.677       675219            1
     897.866       695894            1
     894.055       717783            1
     890.244       740973            1
     886.433       765557            1
     882.622       791634            1
     878.811       819315            1
         875       848721            1
     871.189       879980            1
     867.378       913235            1
     863.567       948638            1
     859.756       986355            1
     855.945  1.02656e+06            1
     852.134  1.06945e+06            1
     848.323  1.11522e+06            1
     844.512  1.16409e+06            1
     840.701  1.21627e+06            1
      836.89    1.272e+06            1
     833.079   1.3315e+06            1
     829.268  1.39499e+06            1
     825.457   1.4627e+06            1
     821.646  1.53479e+06            1
     817.835   1.6114e+06            1
     814.024  1.69259e+06            1
     810.213  1.77832e+06            1
     806.402  1.86841e+06            1
     802.591  1.96248e+06            1
      798.78  2.05992e+06            1
      794.97  2.15983e+06            1
     791.159  2.26097e+06            1
     787.348  2.36173e+06            1
     783.537  2.46009e+06            1
     779.726   2.5537e+06            1
     775.915  2.63991e+06            1
     772.104  2.71593e+06            1
     768.293  2.77898e+06            1
     764.482  2.82659e+06            1
     760.671   2.8568e+06            1
      756.86   2.8684e+06            1
     753.049   2.8611e+06            1
     749.238  2.83558e+06            1
     745.427  2.79348e+06            1
     741.616  2.73719e+06            1
     737.805  2.66964e+06            1
     733.994  2.59399e+06            1
     730.183  2.51343e+06            1
     726.372  2.43087e+06            1
     722.561  2.34886e+06            1
      718.75  2.26945e+06            1
     714.939  2.19421e+06            1
     711.128  2.12421e+06            1
     707.317  2.06011e+06            1
     703.506  2.00221e+06            1
     699.695  1.95052e+06            1
     695.884  1.90484e+06            1
     692.073  1.86481e+06            1
     688.262  1.82999e+06            1
     684.451   1.7999e+06            1
      680.64  1.77402e+06            1
     676.829   1.7519e+06            1
     673.018  1.73311e+06            1
     669.207   1.7173e+06            1
     665.396  1.70418e+06            1
     661.585  1.69354e+06            1
     657.774  1.68523e+06            1
     653.963  1.67917e+06            1
     650.152  1.67532e+06            1
     646.341  1.67368e+06            1
      642.53  1.67429e+06            1
      638.72  1.67718e+06            1
     634.909  1.68242e+06            1
     631.098  1.69006e+06            1
     627.287  1.70017e+06            1
     623.476  1.71281e+06            1
     619.665  1.72802e+06            1
     615.854  1.74586e+06            1
     612.043   1.7664e+06            1
     608.232  1.78969e+06            1
     604.421  1.81581e+06            1
      600.61  1.84486e+06            1
     596.799  1.87692e+06            1
     592.988   1.9121e+06            1
     589.177  1.95049e+06            1
     585.366  1.99219e+06            1
     581.555  2.03727e+06            1
     577.744  2.08579e+06            1
     573.933  2.13783e+06            1
     570.122  2.19343e+06            1
     566.311  2.25265e+06            1
       562.5  2.31557e+06            1
     558.689  2.38229e+06            1
     554.878  2.45295e+06            1
     551.067  2.52773e+06            1
     547.256  2.60684e+06            1
     543.445  2.69055e+06            1
     539.634  2.77916e+06            1
     535.823  2.87298e+06            1
     532.012  2.97233e+06            1
     528.201  3.07754e+06            1
      524.39  3.18884e+06            1
     520.579  3.30641e+06            1
     516.768  3.43027e+06            1
     512.957  3.56024e+06            1
     509.146  3.69593e+06            1
     505.335  3.83662e+06            1
     501.524  3.98126e+06            1
     497.713  4.12843e+06            1
     493.902  4.27637e+06            1
     490.091  4.42299e+06            1
      486.28  4.56597e+06            1
      482.47  4.70297e+06            1
     478.659  4.83175e+06            1
     474.848  4.95048e+06            1
     471.037  5.05791e+06            1
     467.226  5.15359e+06            1
     463.415    5.238e+06            1
     459.604  5.31254e+06            1
     455.793  5.37942e+06            1
     451.982   5.4415e+06            1
     448.171  5.50197e+06            1
      444.36  5.56405e+06            1
     440.549  5.63067e+06            1
     436.738  5.70421e+06            1
     432.927  5.78625e+06            1
     429.116  5.87738e+06            1
     425.305  5.97708e+06            1
     421.494  6.08368e+06            1
     417.683   6.1943e+06            1
     413.872  6.30494e+06            1
     410.061  6.41062e+06            1
      406.25  6.50561e+06            1
     402.439  6.58384e+06            1
     398.628  6.63938e+06            1
     394.817  6.66699e+06            1
     391.006  6.66273e+06            1
     387.195  6.62441e+06            1
     383.384  6.55193e+06            1
     379.573  6.44736e+06            1
     375.762  6.31468e+06            1
     371.951  6.15939e+06            1
      368.14  5.98792e+06            1
     364.329  5.80699e+06            1
     360.518  5.62312e+06            1
     356.707  5.44218e+06            1
     352.896  5.26915e+06            1
     349.085  5.10802e+06            1
     345.274   4.9618e+06            1
     341.463  4.83261e+06            1
     337.652  4.72181e+06            1
     333.841  4.63014e+06            1
      330.03  4.55785e+06            1
      326.22  4.50477e+06            1
     322.409   4.4704e+06            1
     318.598  4.45389e+06            1
     314.787   4.4541e+06            1
     310.976  4.46949e+06            1
     307.165  4.49807e+06            1
     303.354  4.53737e+06            1
     299.543   4.5843e+06            1
     295.732  4.63516e+06            1
     291.921  4.68561e+06            1
      288.11  4.73079e+06            1
     284.299  4.76552e+06            1
     280.488  4.78456e+06            1
     276.677  4.78307e+06            1
     272.866  4.75707e+06            1
     269.055  4.70385e+06            1
     265.244  4.62233e+06            1
     261.433   4.5132e+06            1
     257.622  4.37884e+06            1
     253.811    4.223e+06            1
         250  4.05038e+06            1
     246.189  3.86608e+06            1
     242.378  3.67512e+06            1
     238.567  3.48207e+06            1
     234.756  3.29082e+06            1
     230.945  3.10444e+06            1
     227.134  2.92519e+06            1
     223.323   2.7546e+06            1
     219.512  2.59357e+06            1
     215.701  2.44251e+06            1
      211.89  2.30144e+06            1
     208.079  2.17014e+06            1
     204.268  2.04819e+06            1
     200.457   1.9351e+06            1
     196.646  1.83028e+06            1
     192.835  1.73316e+06            1
     189.024  1.64316e+06            1
     185.213  1.55973e+06            1
     181.402  1.48234e+06            1
     177.591  1.41051e+06            1
      173.78  1.34378e+06            1
      169.97  1.28172e+06            1
     166.159  1.22395e+06            1
     162.348  1.17011e+06            1
     158.537  1.11988e+06            1
     154.726  1.07295e+06            1
     150.915  1.02905e+06            1
     147.104       987936            1
     143.293       949381            1
     139.482       913179            1
     135.671       879143            1
      131.86       847104            1
     128.049       816909            1
     124.238       788419            1
     120.427       761506            1
     116.616       736054            1
     112.805       711960            1
     108.994       689125            1
     105.183       667463            1
     101.372       646893            1
      97.561       627341            1
       93.75       608739            1
      89.939       591023            1
      86.128       574138            1
     82.3171       558028            1
     78.5061       542646            1
     74.6951       527945            1
     70.8841       513885            1
     67.0732       500425            1
     63.2622       487530            1
     59.4512       475167            1
     55.6402       463305            1
     51.8293       451916            1
     48.0183       440974            1
     44.2073       430454            1
     40.3963       420334            1
     36.5854       410594            1
     32.7744       401214            1
     28.9634       392176            1
     25.1524       383464            1
     21.3415       375062            1
     17.5305       366956            1
     13.7195       359133            1
     9.90854       351579            1
     6.09756       344282            1
     2.28659       337231            1
    -1.52439       330414            1
    -5.33537       323821            1
    -9.14634       317441            1
    -12.9573       311266            1
    -16.7683       305284            1
    -20.5793       299488            1
    -24.3902       293870            1
    -28.2012       288421            1
    -32.0122       283135            1
    -35.8232       278004            1
    -39.6341       273022            1
    -43.4451       268184            1
    -47.2561       263484            1
    -51.0671       258916            1
     -54.878       254476            1
     -58.689       250159            1
       -62.5       245962            1
     -66.311       241879            1
     -70.122       237908            1
    -73.9329       234045            1
    -77.7439       230286            1
    -81.5549       226628            1
    -85.3659       223067            1
    -89.1768       219599            1
    -92.9878       216220            1
    -96.7988       212925            1
     -100.61       209711            1
    -104.421       206573            1
    -108.232       203508            1
    -112.043       200510            1
    -115.854       197578            1
    -119.665       194707            1
    -123.476       191895            1
    -127.287       189138            1
    -131.098       186436            1
    -134.909       183787            1
     -138.72       181189            1
     -142.53       178643            1
    -146.341       176148            1
    -150.152       173705            1
    -153.963       171313            1
    -157.774       168973            1
    -161.585       166685            1
    -165.396       164449            1
    -169.207       162263            1
    -173.018       160126            1
    -176.829       158038            1
     -180.64       155996            1
    -184.451       153999            1
    -188.262       152045            1
    -192.073       150132            1
    -195.884       148259            1
    -199.695       146424            1
    -203.506       144624            1
    -207.317       142859            1
    -211.128       141126            1
    -214.939       139424            1
     -218.75       137751            1
    -222.561       136105            1
    -226.372       134486            1
    -230.183       132892            1
    -233.994       131321            1
    -237.805       129773            1
    -241.616       128247            1
    -245.427       126743            1
    -249.238       125260            1
    -253.049       123798            1
     -256.86       122357            1
    -260.671       120938            1
    -264.482       119540            1
    -268.293       118164            1
    -272.104       116812            1
    -275.915       115482            1
    -279.726       114175            1
    -283.537       112891            1
    -287.348       111630            1
    -291.159       110391            1
     -294.97       109173            1
     -298.78       107975            1
    -302.591       106795            1
    -306.402       105634            1
    -310.213       104490            1
    -314.024       103362            1
    -317.835       102249            1
    -321.646       101151            1
    -325.457       100068            1
    -329.268      99000.4            1
    -333.079      97947.8            1
     -336.89      96910.9            1
    -340.701      95890.2            1
    -344.512      94886.1            1
    -348.323      93898.7            1
    -352.134      92928.2            1
    -355.945      91974.4            1
    -359.756      91037.2            1
    -363.567        90116            1
    -367.378      89210.4            1
    -371.189      88319.9            1
        -375      87443.9            1
    -378.811        86582            1
    -382.622      85733.7            1
    -386.433      84898.7            1
    -390.244      84076.8            1
    -394.055      83267.6            1
    -397.866        82471            1
    -401.677      81686.7            1
    -405.488      80914.4            1
    -409.299      80153.8            1
     -413.11      79404.5            1
    -416.921      78665.8            1
    -420.732      77937.2            1
    -424.543      77218.2            1
    -428.354      76508.3            1
    -432.165        75807            1
    -435.976      75114.1            1
    -439.787      74429.6            1
    -443.598      73753.3            1
    -447.409      73085.6            1
     -451.22      72426.6            1
     -455.03      71776.8            1
    -458.841      71136.4            1
    -462.652      70505.7            1
    -466.463      69884.6            1
    -470.274      69273.3            1
    -474.085      68671.4            1
    -477.896      68078.7            1
    -481.707      67494.7            1
    -485.518      66918.9            1
    -489.329      66350.7            1
     -493.14      65789.6            1
    -496.951      65235.2            1
    -500.762        64687            1
    -504.573      64144.7            1
    -508.384      63608.1            1
    -512.195        63077            1
    -516.006      62551.4            1
    -519.817      62031.3            1
    -523.628      61516.5            1
    -527.439      61007.2            1
     -531.25        60503            1
    -535.061        60004            1
    -538.872      59509.9            1
    -542.683      59020.5            1
    -546.494      58535.6            1
    -550.305      58054.8            1
    -554.116      57578.2            1
    -557.927      57105.4            1
    -561.738      56636.6            1
    -565.549      56171.8            1
     -569.36        55711            1
    -573.171      55254.4            1
    -576.982      54802.1            1
    -580.793      54354.3            1
    -584.604      53911.2            1
    -588.415      53472.7            1
    -592.226      53038.9            1
    -596.037      52609.8            1
    -599.848      52185.3            1
    -603.659      51765.3            1
     -607.47      51349.8            1
     -611.28      50938.6            1
    -615.091      50531.8            1
    -618.902        50129            1
    -622.713      49730.3            1
    -626.524      49335.6            1
    -630.335      48944.8            1
    -634.146      48557.7            1
    -637.957      48174.4            1
    -641.768      47794.7            1
    -645.579      47418.7            1
     -649.39      47046.1            1
    -653.201      46676.9            1
    -657.012        46311            1
    -660.823      45948.4            1
    -664.634      45589.1            1
    -668.445        45233            1
    -672.256      44880.4            1
    -676.067      44531.4            1
    -679.878        44186            1
    -683.689      43844.3            1
      -687.5      43506.6            1
    -691.311      43172.7            1
    -695.122      42842.7            1
    -698.933      42516.4            1
    -702.744      42193.6            1
    -706.555      41874.2            1
    -710.366        41558            1
    -714.177      41244.9            1
    -717.988      40934.6            1
    -721.799      40627.3            1
     -725.61      40322.7            1
    -729.421      40020.9            1
    -733.232      39721.8            1
    -737.043      39425.3            1
    -740.854      39131.4            1
    -744.665      38839.6            1
    -748.476        38550            1
    -752.287      38262.3            1
    -756.098      37976.3            1
    -759.909      37691.9            1
     -763.72        37409            1
     -767.53      37127.7            1
    -771.341        36848            1
    -775.152      36569.9            1
    -778.963      36293.6            1
    -782.774      36019.2            1
    -786.585        35747            1
    -790.396      35477.1            1
    -794.207      35209.9            1
    -798.018      34945.6            1
    -801.829      34684.6            1
     -805.64      34427.1            1
    -809.451      34173.5            1
    -813.262        33924            1
    -817.073      33678.7            1
    -820.884      33437.5            1
    -824.695      33200.5            1
    -828.506      32967.4            1
    -832.317      32737.9            1
    -836.128      32511.5            1
    -839.939      32287.9            1
     -843.75      32066.7            1
    -847.561      31847.4            1
    -851.372      31629.7            1
    -855.183      31413.4            1
    -858.994      31198.1            1
    -862.805      30983.6            1
    -866.616      30769.5            1
    -870.427      30555.8            1
    -874.238      30342.1            1
    -878.049      30128.2            1
     -881.86      29913.9            1
    -885.671      29699.2            1
    -889.482      29483.9            1
    -893.293      29268.2            1
    -897.104      29052.1            1
    -900.915      28835.6            1
    -904.726        28619            1
    -908.537      28402.4            1
    -912.348        28186            1
    -916.159      27969.9            1
     -919.97      27754.2            1
     -923.78      27539.3            1
    -927.591      27325.2            1
    -931.402      27112.2            1
    -935.213      26900.4            1
    -939.024        26690            1
    -942.835      26481.1            1
    -946.646      26273.9            1
    -950.457      26068.4            1
    -954.268      25864.7            1
    -958.079      25662.6            1
     -961.89      25462.2            1
    -965.701      25263.4            1
    -969.512      25066.2            1
    -973.323      24870.3            1
    -977.134      24675.9            1
    -980.945      24482.7            1
    -984.756      24290.7            1
    -988.567      24099.8            1
    -992.378        23910            1
    -996.189      23721.3            1