# DATA dum=1 
# Comment line 
# Three columns: x y ey 
# fitif 1,10 
        4000      31787.8            1
     3996.19      31911.9            1
     3992.38      32037.8            1
     3988.57      32165.7            1
     3984.76      32295.9            1
     3980.95      32428.6            1
     3977.13        32564            1
     3973.32      32702.4            1
     3969.51      32843.8            1
      3965.7      32988.2            1
     3961.89      33135.5            1
     3958.08      33285.5            1
     3954.27        33438            1
     3950.46      33592.7            1
     3946.65      33749.3            1
     3942.84      33907.5            1
     3939.02      34066.8            1
     3935.21      34227.2            1
      3931.4      34388.4            1
     3927.59      34550.2            1
     3923.78      34712.5            1
     3919.97      34875.2            1
     3916.16      35038.2            1
     3912.35      35201.4            1
     3908.54      35364.7            1
     3904.73      35528.3            1
     3900.91      35692.2            1
      3897.1      35856.4            1
     3893.29      36021.3            1
     3889.48        36187            1
     3885.67      36353.6            1
     3881.86      36521.5            1
     3878.05      36690.7            1
     3874.24      36861.3            1
     3870.43      37033.5            1
     3866.62        37207            1
      3862.8      37381.9            1
     3858.99        37558            1
     3855.18      37734.9            1
     3851.37      37912.6            1
     3847.56      38090.9            1
     3843.75      38269.3            1
     3839.94      38447.9            1
     3836.13      38626.2            1
     3832.32      38804.3            1
     3828.51        38982            1
      3824.7      39159.2            1
     3820.88      39335.9            1
     3817.07      39512.1            1
     3813.26      39687.8            1
     3809.45        39863            1
     3805.64      40037.9            1
     3801.83      40212.2            1
     3798.02      40386.2            1
     3794.21      40559.7            1
      3790.4      40732.8            1
     3786.59      40905.5            1
     3782.77      41077.9            1
     3778.96        41250            1
     3775.15      41421.9            1
     3771.34      41593.6            1
     3767.53      41765.3            1
     3763.72        41937            1
     3759.91      42108.8            1
      3756.1      42280.5            1
     3752.29      42452.3            1
     3748.48        42624            1
     3744.66      42795.5            1
     3740.85      42967.1            1
     3737.04      43138.6            1
     3733.23      43310.2            1
     3729.42      43481.9            1
     3725.61      43654.1            1
      3721.8        43827            1
     3717.99      44000.7            1
     3714.18      44175.6            1
     3710.37        44352            1
     3706.55        44530            1
     3702.74      44709.8            1
     3698.93      44891.7            1
     3695.12      45075.7            1
     3691.31      45261.7            1
      3687.5        45450            1
     3683.69      45640.3            1
     3679.88      45832.7            1
     3676.07        46027            1
     3672.26      46223.2            1
     3668.45      46421.2            1
     3664.63      46620.8            1
     3660.82      46821.9            1
     3657.01      47024.4            1
      3653.2      47228.2            1
     3649.39      47433.1            1
     3645.58      47639.1            1
     3641.77      47846.1            1
     3637.96        48054            1
     3634.15      48262.9            1
     3630.34      48472.6            1
     3626.52      48683.3            1
     3622.71        48895            1
      3618.9      49107.7            1
     3615.09      49321.4            1
     3611.28      49536.2            1
     3607.47      49752.3            1
     3603.66      49969.7            1
     3599.85      50188.5            1
     3596.04      50408.9            1
     3592.23        50631            1
     3588.41      50854.9            1
      3584.6      51080.9            1
     3580.79      51309.1            1
     3576.98      51539.7            1
     3573.17      51772.8            1
     3569.36      52008.6            1
     3565.55      52247.2            1
     3561.74      52488.3            1
     3557.93      52732.1            1
     3554.12      52978.4            1
      3550.3        53227            1
     3546.49      53477.6            1
     3542.68      53730.1            1
     3538.87      53984.2            1
     3535.06      54239.8            1
     3531.25      54496.8            1
     3527.44        54755            1
     3523.63      55014.4            1
     3519.82      55275.1            1
     3516.01      55537.3            1
      3512.2        55801            1
     3508.38      56066.5            1
     3504.57      56334.1            1
     3500.76      56604.1            1
     3496.95      56876.6            1
     3493.14        57152            1
     3489.33      57430.4            1
     3485.52      57711.9            1
     3481.71      57996.4            1
      3477.9      58283.9            1
     3474.09      58574.3            1
     3470.27      58867.5            1
     3466.46      59163.2            1
     3462.65      59461.4            1
     3458.84      59761.7            1
     3455.03      60064.1            1
     3451.22      60368.3            1
     3447.41      60674.2            1
      3443.6      60981.6            1
     3439.79      61290.5            1
     3435.98      61600.8            1
     3432.16      61912.3            1
     3428.35      62225.1            1
     3424.54      62539.1            1
     3420.73      62854.6            1
     3416.92      63171.5            1
     3413.11      63490.2            1
      3409.3      63810.6            1
     3405.49        64133            1
     3401.68      64457.6            1
     3397.87      64784.3            1
     3394.05      65113.2            1
     3390.24      65444.4            1
     3386.43      65777.7            1
     3382.62      66113.1            1
     3378.81      66450.6            1
        3375      66790.1            1
     3371.19      67131.7            1
     3367.38      67475.5            1
     3363.57      67821.4            1
     3359.76      68169.5            1
     3355.95      68520.1            1
     3352.13        68873            1
     3348.32      69228.6            1
     3344.51      69586.7            1
      3340.7      69947.6            1
     3336.89      70311.2            1
     3333.08      70677.6            1
     3329.27      71046.8            1
     3325.46      71418.8            1
     3321.65      71793.6            1
     3317.84      72171.3            1
     3314.02        72552            1
     3310.21      72935.8            1
      3306.4      73322.9            1
     3302.59      73713.3            1
     3298.78      74107.3            1
     3294.97        74505            1
     3291.16      74906.5            1
     3287.35      75311.8            1
     3283.54      75721.1            1
     3279.73      76134.3            1
     3275.91      76551.3            1
      3272.1      76972.1            1
     3268.29      77396.7            1
     3264.48      77825.3            1
     3260.67      78257.8            1
     3256.86      78694.6            1
     3253.05        79136            1
     3249.24      79582.4            1
     3245.43        80034            1
     3241.62      80491.2            1
      3237.8      80954.2            1
     3233.99      81423.3            1
     3230.18      81898.4            1
     3226.37      82379.4            1
     3222.56      82866.2            1
     3218.75      83358.8            1
     3214.94      83856.9            1
     3211.13      84360.5            1
     3207.32      84869.5            1
     3203.51      85384.1            1
      3199.7      85904.5            1
     3195.88        86431            1
     3192.07        86964            1
     3188.26      87503.7            1
     3184.45      88050.7            1
     3180.64      88605.1            1
     3176.83      89167.1            1
     3173.02      89736.9            1
     3169.21      90314.4            1
      3165.4      90899.5            1
     3161.59      91492.1            1
     3157.77      92091.9            1
     3153.96      92698.8            1
     3150.15      93312.5            1
     3146.34      93932.9            1
     3142.53      94559.9            1
     3138.72      95193.5            1
     3134.91      95833.7            1
      3131.1      96480.4            1
     3127.29      97133.5            1
     3123.48      97793.2            1
     3119.66      98459.5            1
     3115.85      99132.1            1
     3112.04      99811.3            1
     3108.23       100497            1
     3104.42       101189            1
     3100.61       101889            1
      3096.8       102595            1
     3092.99       103309            1
     3089.18       104031            1
     3085.37       104762            1
     3081.55       105502            1
     3077.74       106252            1
     3073.93       107012            1
     3070.12       107783            1
     3066.31       108565            1
      3062.5       109358            1
     3058.69       110162            1
     3054.88       110978            1
     3051.07       111805            1
     3047.26       112643            1
     3043.45       113493            1
     3039.63       114354            1
     3035.82       115227            1
     3032.01       116111            1
      3028.2       117005            1
     3024.39       117912            1
     3020.58       118829            1
     3016.77       119759            1
     3012.96       120700            1
     3009.15       121653            1
     3005.34       122619            1
     3001.52       123598            1
     2997.71       124590            1
      2993.9       125595            1
     2990.09       126614            1
     2986.28       127648            1
     2982.47       128696            1
     2978.66       129759            1
     2974.85       130838            1
     2971.04       131934            1
     2967.23       133045            1
     2963.41       134173            1
      2959.6       135319            1
     2955.79       136483            1
     2951.98       137664            1
     2948.17       138864            1
     2944.36       140083            1
     2940.55       141322            1
     2936.74       142580            1
     2932.93       143858            1
     2929.12       145156            1
      2925.3       146474            1
     2921.49       147811            1
     2917.68       149167            1
     2913.87       150541            1
     2910.06       151933            1
     2906.25       153343            1
     2902.44       154770            1
     2898.63       156213            1
     2894.82       157675            1
     2891.01       159155            1
      2887.2       160656            1
     2883.38       162179            1
     2879.57       163726            1
     2875.76       165299            1
     2871.95       166901            1
     2868.14       168533            1
     2864.33       170198            1
     2860.52       171896            1
     2856.71       173629            1
      2852.9       175398            1
     2849.09       177205            1
     2845.27       179049            1
     2841.46       180931            1
     2837.65       182853            1
     2833.84       184815            1
     2830.03       186819            1
     2826.22       188863            1
     2822.41       190951            1
      2818.6       193082            1
     2814.79       195257            1
     2810.98       197477            1
     2807.16       199744            1
     2803.35       202059            1
     2799.54       204423            1
     2795.73       206837            1
     2791.92       209304            1
     2788.11       211825            1
      2784.3       214401            1
     2780.49       217036            1
     2776.68       219732            1
     2772.87       222491            1
     2769.05       225317            1
     2765.24       228212            1
     2761.43       231180            1
     2757.62       234226            1
     2753.81       237352            1
        2750       240564            1
     2746.19       243866            1
     2742.38       247264            1
     2738.57       250761            1
     2734.76       254363            1
     2730.95       258075            1
     2727.13       261900            1
     2723.32       265843            1
     2719.51       269907            1
      2715.7       274094            1
     2711.89       278410            1
     2708.08       282855            1
     2704.27       287436            1
     2700.46       292155            1
     2696.65       297017            1
     2692.84       302028            1
     2689.02       307194            1
     2685.21       312522            1
      2681.4       318019            1
     2677.59       323693            1
     2673.78       329555            1
     2669.97       335613            1
     2666.16       341880            1
     2662.35       348369            1
     2658.54       355094            1
     2654.73       362070            1
     2650.91       369314            1
      2647.1       376847            1
     2643.29       384687            1
     2639.48       392856            1
     2635.67       401377            1
     2631.86       410274            1
     2628.05       419572            1
     2624.24       429299            1
     2620.43       439483            1
     2616.62       450156            1
      2612.8       461350            1
     2608.99       473102            1
     2605.18       485451            1
     2601.37       498439            1
     2597.56       512112            1
     2593.75       526518            1
     2589.94       541708            1
     2586.13       557736            1
     2582.32       574659            1
     2578.51       592531            1
      2574.7       611408            1
     2570.88       631340            1
     2567.07       652372            1
     2563.26       674539            1
     2559.45       697862            1
     2555.64       722343            1
     2551.83       747962            1
     2548.02       774673            1
     2544.21       802399            1
      2540.4       831035            1
     2536.59       860444            1
     2532.77       890466            1
     2528.96       920919            1
     2525.15       951612            1
     2521.34       982348            1
     2517.53  1.01294e+06            1
     2513.72  1.04322e+06            1
     2509.91  1.07303e+06            1
      2506.1  1.10226e+06            1
     2502.29  1.13082e+06            1
     2498.48  1.15864e+06            1
     2494.66  1.18572e+06            1
     2490.85  1.21206e+06            1
     2487.04  1.23771e+06            1
     2483.23  1.26272e+06            1
     2479.42  1.28718e+06            1
     2475.61   1.3112e+06            1
      2471.8   1.3349e+06            1
     2467.99  1.35839e+06            1
     2464.18  1.38182e+06            1
     2460.37  1.40531e+06            1
     2456.55  1.42899e+06            1
     2452.74  1.45299e+06            1
     2448.93  1.47742e+06            1
     2445.12  1.50237e+06            1
     2441.31  1.52793e+06            1
      2437.5  1.55415e+06            1
     2433.69  1.58108e+06            1
     2429.88  1.60873e+06            1
     2426.07  1.63712e+06            1
     2422.26  1.66625e+06            1
     2418.45  1.69613e+06            1
     2414.63  1.72677e+06            1
     2410.82   1.7582e+06            1
     2407.01  1.79045e+06            1
      2403.2   1.8236e+06            1
     2399.39  1.85774e+06            1
     2395.58  1.89298e+06            1
     2391.77  1.92948e+06            1
     2387.96  1.96738e+06            1
     2384.15  2.00688e+06            1
     2380.34  2.04818e+06            1
     2376.52  2.09147e+06            1
     2372.71  2.13698e+06            1
      2368.9  2.18492e+06            1
     2365.09  2.23554e+06            1
     2361.28  2.28906e+06            1
     2357.47  2.34573e+06            1
     2353.66  2.40579e+06            1
     2349.85  2.46949e+06            1
     2346.04  2.53711e+06            1
     2342.23  2.60893e+06            1
     2338.41  2.68524e+06            1
      2334.6  2.76636e+06            1
     2330.79  2.85262e+06            1
     2326.98   2.9444e+06            1
     2323.17  3.04208e+06            1
     2319.36  3.14608e+06            1
     2315.55  3.25684e+06            1
     2311.74  3.37487e+06            1
     2307.93  3.50066e+06            1
     2304.12  3.63475e+06            1
      2300.3  3.77768e+06            1
     2296.49     3.93e+06            1
     2292.68  4.09219e+06            1
     2288.87  4.26469e+06            1
     2285.06  4.44781e+06            1
     2281.25  4.64167e+06            1
     2277.44  4.84616e+06            1
     2273.63   5.0608e+06            1
     2269.82  5.28472e+06            1
     2266.01  5.51644e+06            1
      2262.2  5.75386e+06            1
     2258.38  5.99408e+06            1
     2254.57  6.23339e+06            1
     2250.76  6.46719e+06            1
     2246.95  6.69015e+06            1
     2243.14  6.89637e+06            1
     2239.33  7.07977e+06            1
     2235.52  7.23456e+06            1
     2231.71  7.35581e+06            1
      2227.9  7.43999e+06            1
     2224.09  7.48538e+06            1
     2220.27  7.49224e+06            1
     2216.46  7.46267e+06            1
     2212.65  7.40019e+06            1
     2208.84  7.30915e+06            1
     2205.03  7.19412e+06            1
     2201.22   7.0594e+06            1
     2197.41   6.9088e+06            1
      2193.6  6.74553e+06            1
     2189.79  6.57246e+06            1
     2185.98  6.39231e+06            1
     2182.16  6.20785e+06            1
     2178.35  6.02202e+06            1
     2174.54  5.83785e+06            1
     2170.73  5.65824e+06            1
     2166.92   5.4857e+06            1
     2163.11  5.32208e+06            1
      2159.3   5.1683e+06            1
     2155.49  5.02425e+06            1
     2151.68  4.88874e+06            1
     2147.87  4.75963e+06            1
     2144.05  4.63402e+06            1
     2140.24  4.50853e+06            1
     2136.43  4.37971e+06            1
     2132.62   4.2444e+06            1
     2128.81  4.10016e+06            1
        2125  3.94556e+06            1
     2121.19  3.78037e+06            1
     2117.38  3.60556e+06            1
     2113.57  3.42313e+06            1
     2109.76  3.23578e+06            1
     2105.95   3.0466e+06            1
     2102.13  2.85863e+06            1
     2098.32  2.67467e+06            1
     2094.51  2.49702e+06            1
      2090.7  2.32744e+06            1
     2086.89  2.16711e+06            1
     2083.08   2.0167e+06            1
     2079.27   1.8765e+06            1
     2075.46  1.74641e+06            1
     2071.65  1.62613e+06            1
     2067.84  1.51519e+06            1
     2064.02  1.41302e+06            1
     2060.21  1.31899e+06            1
      2056.4  1.23247e+06            1
     2052.59  1.15283e+06            1
     2048.78  1.07948e+06            1
     2044.97  1.01185e+06            1
     2041.16       949430            1
     2037.35       891758            1
     2033.54       838409            1
     2029.73       789001            1
     2025.91       743193            1
      2022.1       700675            1
     2018.29       661170            1
     2014.48       624423            1
     2010.67       590206            1
     2006.86       558310            1
     2003.05       528544            1
     1999.24       500736            1
     1995.43       474728            1
     1991.62       450378            1
      1987.8       427554            1
     1983.99       406139            1
     1980.18       386023            1
     1976.37       367110            1
     1972.56       349308            1
     1968.75       332536            1
     1964.94       316719            1
     1961.13       301789            1
     1957.32       287684            1
     1953.51       274346            1
      1949.7       261723            1
     1945.88       249767            1
     1942.07       238433            1
     1938.26       227680            1
     1934.45       217471            1
     1930.64       207772            1
     1926.83       198550            1
     1923.02       189774            1
     1919.21       181419            1
      1915.4       173457            1
     1911.59       165865            1
     1907.77       158620            1
     1903.96       151702            1
     1900.15       145092            1
     1896.34       138771            1
     1892.53       132725            1
     1888.72       126937            1
     1884.91       121394            1
      1881.1       116083            1
     1877.29       110993            1
     1873.48       106111            1
     1869.66       101428            1
     1865.85      96934.3            1
     1862.04      92619.8            1
     1858.23      88476.3            1
     1854.42      84495.5            1
     1850.61      80669.5            1
      1846.8      76991.1            1
     1842.99      73453.2            1
     1839.18      70049.2            1
     1835.37      66772.8            1
     1831.55      63618.1            1
     1827.74      60579.7            1
     1823.93      57652.3            1
     1820.12      54831.3            1
     1816.31      52112.3            1
      1812.5      49491.5            1
     1808.69      46965.2            1
     1804.88      44530.4            1
     1801.07      42184.2            1
     1797.26      39924.3            1
     1793.45      37748.3            1
     1789.63      35654.3            1
     1785.82      33640.4            1
     1782.01      31704.9            1
      1778.2        29846            1
     1774.39        28062            1
     1770.58      26351.3            1
     1766.77      24712.2            1
     1762.96        23143            1
     1759.15      21641.8            1
     1755.34      20206.5            1
     1751.52      18834.6            1
     1747.71      17523.4            1
      1743.9      16269.5            1
     1740.09      15069.1            1
     1736.28      13918.1            1
     1732.47      12812.2            1
     1728.66      11747.2            1
     1724.85        10719            1
     1721.04      9724.09            1
     1717.23      8759.72            1
     1713.41      7823.69            1
      1709.6      6914.47            1
     1705.79      6031.19            1
     1701.98      5173.39            1
     1698.17      4340.91            1
     1694.36      3533.75            1
     1690.55      2752.03            1
     1686.74      1995.94            1
     1682.93      1265.66            1
     1679.12      561.391            1
      1675.3     -116.547            1
     1671.49     -767.906            1
     1667.68     -1392.47            1
     1663.87     -1990.17            1
     1660.06     -2561.09            1
     1656.25     -3105.66            1
     1652.44     -3624.61            1
     1648.63     -4119.08            1
     1644.82      -4590.5            1
     1641.01     -5040.66            1
      1637.2     -5471.42            1
     1633.38     -5884.78            1
     1629.57     -6282.62            1
     1625.76     -6666.56            1
     1621.95     -7037.86            1
     1618.14     -7397.42            1
     1614.33     -7745.66            1
     1610.52     -8082.61            1
     1606.71     -8407.95            1
      1602.9     -8721.17            1
     1599.09     -9021.61            1
     1595.27     -9308.66            1
     1591.46     -9581.72            1
     1587.65      -9840.3            1
     1583.84     -10084.1            1
     1580.03     -10312.9            1
     1576.22     -10526.7            1
     1572.41     -10725.6            1
      1568.6     -10909.7            1
     1564.79     -11079.4            1
     1560.98     -11234.9            1
     1557.16     -11376.7            1
     1553.35     -11505.2            1
     1549.54     -11620.9            1
     1545.73     -11724.5            1
     1541.92     -11816.5            1
     1538.11     -11897.7            1
      1534.3     -11968.6            1
     1530.49     -12030.2            1
     1526.68     -12083.2            1
     1522.87     -12128.7            1
     1519.05     -12167.4            1
     1515.24     -12200.2            1
     1511.43     -12227.9            1
     1507.62     -12250.8            1
     1503.81     -12269.3            1
        1500     -12283.2            1
     1496.19     -12292.2            1
     1492.38     -12295.7            1
     1488.57     -12292.7            1
     1484.76     -12282.2            1
     1480.95     -12263.4            1
     1477.13       -12235            1
     1473.32     -12196.1            1
     1469.51       -12146            1
      1465.7     -12083.7            1
     1461.89     -12008.8            1
     1458.08     -11920.9            1
     1454.27     -11819.6            1
     1450.46     -11704.9            1
     1446.65     -11576.5            1
     1442.84     -11434.5            1
     1439.02     -11278.9            1
     1435.21     -11109.8            1
      1431.4       -10927            1
     1427.59     -10730.5            1
     1423.78     -10520.5            1
     1419.97     -10296.9            1
     1416.16     -10059.6            1
     1412.35     -9808.88            1
     1408.54     -9544.73            1
     1404.73     -9267.33            1
     1400.91     -8976.83            1
      1397.1     -8673.38            1
     1393.29     -8357.14            1
     1389.48     -8028.19            1
     1385.67      -7686.5            1
     1381.86     -7331.97            1
     1378.05     -6964.28            1
     1374.24     -6583.09            1
     1370.43     -6187.89            1
     1366.62     -5778.03            1
      1362.8     -5352.84            1
     1358.99     -4911.55            1
     1355.18     -4453.44            1
     1351.37     -3977.78            1
     1347.56     -3483.95            1
     1343.75     -2971.41            1
     1339.94     -2439.75            1
     1336.13     -1888.64            1
     1332.32     -1317.89            1
     1328.51     -727.328            1
      1324.7     -116.828            1
     1320.88      513.766            1
     1317.07      1164.61            1
     1313.26      1835.98            1
     1309.45      2528.14            1
     1305.64      3241.52            1
     1301.83      3976.64            1
     1298.02      4734.28            1
     1294.21      5515.31            1
      1290.4      6320.84            1
     1286.59      7152.25            1
     1282.77      8011.05            1
     1278.96      8898.88            1
     1275.15      9817.52            1
     1271.34      10768.7            1
     1267.53      11754.2            1
     1263.72      12775.6            1
     1259.91      13834.2            1
      1256.1      14931.3            1
     1252.29        16068            1
     1248.48      17245.1            1
     1244.66      18463.6            1
     1240.85      19724.3            1
     1237.04      21028.1            1
     1233.23      22376.3            1
     1229.42      23770.4            1
     1225.61      25212.1            1
      1221.8      26703.7            1
     1217.99      28247.8            1
     1214.18      29847.2            1
     1210.37      31505.2            1
     1206.55      33225.5            1
     1202.74      35011.8            1
     1198.93      36868.2            1
     1195.12      38799.1            1
     1191.31      40809.5            1
      1187.5      42904.6            1
     1183.69      45090.1            1
     1179.88      47372.5            1
     1176.07      49758.7            1
     1172.26      52256.4            1
     1168.45      54874.2            1
     1164.63      57621.4            1
     1160.82      60508.1            1
     1157.01      63545.2            1
      1153.2      66744.9            1
     1149.39      70120.1            1
     1145.58      73684.8            1
     1141.77        77454            1
     1137.96      81444.2            1
     1134.15      85672.6            1
     1130.34      90157.8            1
     1126.52      94919.5            1
     1122.71      99978.2            1
      1118.9       105355            1
     1115.09       111073            1
     1111.28       117153            1
     1107.47       123616            1
     1103.66       130483            1
     1099.85       137769            1
     1096.04       145487            1
     1092.23       153644            1
     1088.41       162237            1
      1084.6       171254            1
     1080.79       180671            1
     1076.98       190450            1
     1073.17       200540            1
     1069.36       210875            1
     1065.55       221376            1
     1061.74       231954            1
     1057.93       242513            1
     1054.12       252955            1
      1050.3       263183            1
     1046.49       273111            1
     1042.68       282663            1
     1038.87       291779            1
     1035.06       300421            1
     1031.25       308569            1
     1027.44       316226            1
     1023.63       323416            1
     1019.82       330179            1
     1016.01       336571            1
      1012.2       342657            1
     1008.38       348510            1
     1004.57       354205            1
     1000.76       359819            1
     996.951       365424            1
      993.14       371085            1
     989.329       376866            1
     985.518       382822            1
     981.707       389001            1
     977.896       395447            1
     974.085       402198            1
     970.274       409289            1
     966.463       416752            1
     962.652       424614            1
     958.841       432904            1
      955.03       441649            1
      951.22       450876            1
     947.409       460612            1
     943.598       470889            1
     939.787       481736            1
     935.976       493188            1
     932.165       505281            1
     928.354       518054            1
     924.543       531549            1
     920.732       545812            1
     916.921       560892            1
      913.11       576841            1
     909.299       593719            1
     905.488       611585            1
     901.677       630509            1
     897.866       650563            1
     894.055       671825            1
     890.244       694384            1
     886.433       718330            1
     882.622       743767            1
     878.811       770803            1
         875       799561            1
     871.189       830170            1
     867.378       862774            1
     863.567       897528            1
     859.756       934602            1
     855.945       974178            1
     852.134  1.01645e+06            1
     848.323  1.06163e+06            1
     844.512  1.10994e+06            1
     840.701  1.16162e+06            1
      836.89  1.21689e+06            1
     833.079  1.27602e+06            1
     829.268  1.33922e+06            1
     825.457  1.40674e+06            1
     821.646  1.47877e+06            1
     817.835  1.55545e+06            1
     814.024  1.63689e+06            1
     810.213  1.72303e+06            1
     806.402  1.81373e+06            1
     802.591  1.90861e+06            1
      798.78  2.00705e+06            1
      794.97  2.10815e+06            1
     791.159  2.21063e+06            1
     787.348  2.31281e+06            1
     783.537  2.41262e+06            1
     779.726  2.50762e+06            1
     775.915  2.59504e+06            1
     772.104  2.67198e+06            1
     768.293  2.73559e+06            1
     764.482  2.78331e+06            1
     760.671  2.81316e+06            1
      756.86  2.82396e+06            1
     753.049  2.81548e+06            1
     749.238  2.78854e+06            1
     745.427  2.74489e+06            1
     741.616  2.68708e+06            1
     737.805  2.61813e+06            1
     733.994  2.54133e+06            1
     730.183  2.45987e+06            1
     726.372  2.37671e+06            1
     722.561  2.29437e+06            1
      718.75  2.21486e+06            1
     714.939   2.1397e+06            1
     711.128  2.06993e+06            1
     707.317  2.00617e+06            1
     703.506  1.94867e+06            1
     699.695  1.89743e+06            1
     695.884  1.85223e+06            1
     692.073   1.8127e+06            1
     688.262  1.77839e+06            1
     684.451  1.74879e+06            1
      680.64   1.7234e+06            1
     676.829  1.70173e+06            1
     673.018  1.68335e+06            1
     669.207  1.66787e+06            1
     665.396  1.65501e+06            1
     661.585  1.64454e+06            1
     657.774  1.63629e+06            1
     653.963  1.63018e+06            1
     650.152  1.62618e+06            1
     646.341  1.62427e+06            1
      642.53   1.6245e+06            1
      638.72  1.62693e+06            1
     634.909  1.63161e+06            1
     631.098  1.63862e+06            1
     627.287  1.64802e+06            1
     623.476  1.65988e+06            1
     619.665  1.67426e+06            1
     615.854  1.69122e+06            1
     612.043  1.71082e+06            1
     608.232  1.73314e+06            1
     604.421  1.75826e+06            1
      600.61  1.78628e+06            1
     596.799  1.81729e+06            1
     592.988   1.8514e+06            1
     589.177  1.88872e+06            1
     585.366  1.92935e+06            1
     581.555  1.97337e+06            1
     577.744  2.02087e+06            1
     573.933   2.0719e+06            1
     570.122  2.12653e+06            1
     566.311  2.18483e+06            1
       562.5  2.24688e+06            1
     558.689  2.31279e+06            1
     554.878  2.38269e+06            1
     551.067  2.45676e+06            1
     547.256  2.53522e+06            1
     543.445  2.61833e+06            1
     539.634  2.70639e+06            1
     535.823  2.79972e+06            1
     532.012  2.89864e+06            1
     528.201  3.00349e+06            1
      524.39  3.11451e+06            1
     520.579  3.23187e+06            1
     516.768  3.35561e+06            1
     512.957  3.48557e+06            1
     509.146  3.62134e+06            1
     505.335   3.7622e+06            1
     501.524  3.90709e+06            1
     497.713  4.05457e+06            1
     493.902  4.20282e+06            1
     490.091  4.34973e+06            1
      486.28  4.49293e+06            1
      482.47  4.63004e+06            1
     478.659  4.75881e+06            1
     474.848  4.87737e+06            1
     471.037  4.98451e+06            1
     467.226  5.07982e+06            1
     463.415  5.16386e+06            1
     459.604  5.23808e+06            1
     455.793  5.30481e+06            1
     451.982  5.36697e+06            1
     448.171   5.4278e+06            1
      444.36  5.49059e+06            1
     440.549  5.55828e+06            1
     436.738  5.63325e+06            1
     432.927  5.71706e+06            1
     429.116  5.81029e+06            1
     425.305  5.91238e+06            1
     421.494  6.02161e+06            1
     417.683  6.13505e+06            1
     413.872  6.24864e+06            1
     410.061  6.35732e+06            1
      406.25  6.45531e+06            1
     402.439  6.53646e+06            1
     398.628  6.59479e+06            1
     394.817  6.62502e+06            1
     391.006   6.6232e+06            1
     387.195  6.58717e+06            1
     383.384  6.51688e+06            1
     379.573  6.41442e+06            1
     375.762  6.28384e+06            1
     371.951  6.13068e+06            1
      368.14  5.96136e+06            1
     364.329  5.78262e+06            1
     360.518  5.60093e+06            1
     356.707  5.42214e+06            1
     352.896  5.25118e+06            1
     349.085    5.092e+06            1
     345.274  4.94758e+06            1
     341.463  4.82002e+06            1
     337.652  4.71069e+06            1
     333.841  4.62034e+06            1
      330.03  4.54921e+06            1
      326.22  4.49719e+06            1
     322.409   4.4638e+06            1
     318.598  4.44827e+06            1
     314.787  4.44948e+06            1
     310.976  4.46596e+06            1
     307.165   4.4958e+06            1
     303.354  4.53655e+06            1
     299.543  4.58518e+06            1
     295.732  4.63803e+06            1
     291.921  4.69079e+06            1
      288.11   4.7386e+06            1
     284.299  4.77625e+06            1
     280.488  4.79848e+06            1
     276.677   4.8004e+06            1
     272.866  4.77796e+06            1
     269.055  4.72838e+06            1
     265.244  4.65052e+06            1
     261.433  4.54502e+06            1
     257.622  4.41419e+06            1
     253.811  4.26175e+06            1
         250  4.09236e+06            1
     246.189  3.91108e+06            1
     242.378  3.72293e+06            1
     238.567  3.53245e+06            1
     234.756  3.34352e+06            1
     230.945  3.15921e+06            1
     227.134  2.98178e+06            1
     223.323  2.81278e+06            1
     219.512  2.65311e+06            1
     215.701  2.50319e+06            1
      211.89  2.36308e+06            1
     208.079  2.23256e+06            1
     204.268  2.11124e+06            1
     200.457  1.99862e+06            1
     196.646  1.89416e+06            1
     192.835  1.79728e+06            1
     189.024  1.70743e+06            1
     185.213  1.62406e+06            1
     181.402  1.54666e+06            1
     177.591  1.47474e+06            1
      173.78  1.40786e+06            1
      169.97  1.34561e+06            1
     166.159   1.2876e+06            1
     162.348  1.23348e+06            1
     158.537  1.18293e+06            1
     154.726  1.13566e+06            1
     150.915   1.0914e+06            1
     147.104   1.0499e+06            1
     143.293  1.01095e+06            1
     139.482       974343            1
     135.671       939892            1
      131.86       907432            1
     128.049       876810            1
     124.238       847886            1
     120.427       820535            1
     116.616       794639            1
     112.805       770094            1
     108.994       746803            1
     105.183       724679            1
     101.372       703640            1
      97.561       683615            1
       93.75       664536            1
      89.939       646343            1
      86.128       628980            1
     82.3171       612395            1
     78.5061       596541            1
     74.6951       581374            1
     70.8841       566854            1
     67.0732       552943            1
     63.2622       539604            1
     59.4512       526806            1
     55.6402       514516            1
     51.8293       502708            1
     48.0183       491354            1
     44.2073       480429            1
     40.3963       469911            1
     36.5854       459779            1
     32.7744       450013            1
     28.9634       440595            1
     25.1524       431508            1
     21.3415       422737            1
     17.5305       414267            1
     13.7195       406083            1
     9.90854       398173            1
     6.09756       390524            1
     2.28659       383125            1
    -1.52439       375963            1
    -5.33537       369027            1
    -9.14634       362307            1
    -12.9573       355793            1
    -16.7683       349474            1
    -20.5793       343340            1
    -24.3902       337385            1
    -28.2012       331598            1
    -32.0122       325973            1
    -35.8232       320504            1
    -39.6341       315184            1
    -43.4451       310010            1
    -47.2561       304975            1
    -51.0671       300077            1
     -54.878       295312            1
     -58.689       290677            1
       -62.5       286168            1
     -66.311       281783            1
     -70.122       277518            1
    -73.9329       273371            1
    -77.7439       269337            1
    -81.5549       265413            1
    -85.3659       261595            1
    -89.1768       257879            1
    -92.9878       254259            1
    -96.7988       250731            1
     -100.61       247289            1
    -104.421       243928            1
    -108.232       240642            1
    -112.043       237427            1
    -115.854       234278            1
    -119.665       231190            1
    -123.476       228161            1
    -127.287       225188            1
    -131.098       222269            1
    -134.909       219404            1
     -138.72       216591            1
     -142.53       213831            1
    -146.341       211122            1
    -150.152       208466            1
    -153.963       205863            1
    -157.774       203312            1
    -161.585       200814            1
    -165.396       198369            1
    -169.207       195976            1
    -173.018       193636            1
    -176.829       191348            1
     -180.64       189112            1
    -184.451       186926            1
    -188.262       184790            1
    -192.073       182703            1
    -195.884       180664            1
    -199.695       178671            1
    -203.506       176722            1
    -207.317       174817            1
    -211.128       172953            1
    -214.939       171127            1
     -218.75       169338            1
    -222.561       167583            1
    -226.372       165858            1
    -230.183       164162            1
    -233.994       162492            1
    -237.805       160845            1
    -241.616       159220            1
    -245.427       157616            1
    -249.238       156031            1
    -253.049       154466            1
     -256.86       152920            1
    -260.671       151393            1
    -264.482       149886            1
    -268.293       148399            1
    -272.104       146932            1
    -275.915       145486            1
    -279.726       144060            1
    -283.537       142655            1
    -287.348       141270            1
    -291.159       139907            1
     -294.97       138565            1
     -298.78       137244            1
    -302.591       135944            1
    -306.402       134665            1
    -310.213       133405            1
    -314.024       132166            1
    -317.835       130946            1
    -321.646       129745            1
    -325.457       128562            1
    -329.268       127397            1
    -333.079       126250            1
     -336.89       125119            1
    -340.701       124005            1
    -344.512       122907            1
    -348.323       121824            1
    -352.134       120756            1
    -355.945       119703            1
    -359.756       118664            1
    -363.567       117640            1
    -367.378       116630            1
    -371.189       115636            1
        -375       114656            1
    -378.811       113691            1
    -382.622       112741            1
    -386.433       111805            1
    -390.244       110885            1
    -394.055       109978            1
    -397.866       109086            1
    -401.677       108207            1
    -405.488       107342            1
    -409.299       106489            1
     -413.11       105647            1
    -416.921       104818            1
    -420.732       103999            1
    -424.543       103190            1
    -428.354       102392            1
    -432.165       101604            1
    -435.976       100825            1
    -439.787       100056            1
    -443.598      99295.5            1
    -447.409        98544            1
     -451.22      97801.1            1
     -455.03      97066.5            1
    -458.841      96339.8            1
    -462.652      95620.8            1
    -466.463      94909.1            1
    -470.274      94204.5            1
    -474.085      93506.8            1
    -477.896        92816            1
    -481.707      92132.2            1
    -485.518      91455.5            1
    -489.329      90786.2            1
     -493.14      90124.7            1
    -496.951      89471.2            1
    -500.762        88826            1
    -504.573      88189.2            1
    -508.384      87561.1            1
    -512.195      86941.5            1
    -516.006      86330.4            1
    -519.817      85727.6            1
    -523.628      85132.8            1
    -527.439      84545.7            1
     -531.25      83965.8            1
    -535.061      83392.5            1
    -538.872      82825.4            1
    -542.683      82263.9            1
    -546.494      81707.4            1
    -550.305      81155.5            1
    -554.116        80608            1
    -557.927      80064.4            1
    -561.738      79524.7            1
    -565.549      78988.8            1
     -569.36      78456.8            1
    -573.171      77928.8            1
    -576.982      77404.9            1
    -580.793      76885.5            1
    -584.604      76370.6            1
    -588.415      75860.6            1
    -592.226      75355.5            1
    -596.037      74855.5            1
    -599.848      74360.5            1
    -603.659      73870.5            1
     -607.47      73385.5            1
     -611.28      72905.3            1
    -615.091      72429.8            1
    -618.902      71958.8            1
    -622.713      71492.2            1
    -626.524      71029.8            1
    -630.335      70571.5            1
    -634.146        70117            1
    -637.957      69666.4            1
    -641.768      69219.3            1
    -645.579      68775.9            1
     -649.39      68335.9            1
    -653.201      67899.3            1
    -657.012      67466.2            1
    -660.823      67036.5            1
    -664.634      66610.1            1
    -668.445      66187.1            1
    -672.256      65767.5            1
    -676.067      65351.1            1
    -679.878        64938            1
    -683.689      64528.2            1
      -687.5      64121.8            1
    -691.311      63718.9            1
    -695.122      63319.6            1
    -698.933      62924.2            1
    -702.744      62532.8            1
    -706.555      62145.4            1
    -710.366      61762.2            1
    -714.177      61383.1            1
    -717.988        61008            1
    -721.799      60636.7            1
     -725.61      60269.1            1
    -729.421        59905            1
    -733.232      59544.2            1
    -737.043      59186.6            1
    -740.854      58832.3            1
    -744.665      58481.3            1
    -748.476      58133.8            1
    -752.287      57789.8            1
    -756.098      57449.6            1
    -759.909      57113.3            1
     -763.72      56780.8            1
     -767.53      56452.3            1
    -771.341      56127.6            1
    -775.152      55806.5            1
    -778.963      55488.8            1
    -782.774      55174.2            1
    -786.585      54862.5            1
    -790.396      54553.3            1
    -794.207      54246.5            1
    -798.018      53941.9            1
    -801.829      53639.3            1
     -805.64      53338.6            1
    -809.451      53039.8            1
    -813.262      52742.8            1
    -817.073      52447.7            1
    -820.884      52154.5            1
    -824.695      51863.5            1
    -828.506      51574.6            1
    -832.317      51288.2            1
    -836.128      51004.3            1
    -839.939      50723.1            1
     -843.75      50444.7            1
    -847.561        50169            1
    -851.372      49896.1            1
    -855.183      49625.9            1
    -858.994      49358.1            1
    -862.805      49092.5            1
    -866.616        48829            1
    -870.427      48567.1            1
    -874.238      48306.7            1
    -878.049      48047.4            1
     -881.86        47789            1
    -885.671      47531.3            1
    -889.482      47274.2            1
    -893.293      47017.4            1
    -897.104        46761            1
    -900.915      46504.9            1
    -904.726      46249.1            1
    -908.537      45993.8            1
    -912.348      45739.1            1
    -916.159      45484.9            1
     -919.97      45231.4            1
     -923.78      44978.5            1
    -927.591      44726.3            1
    -931.402      44474.8            1
    -935.213      44223.9            1
    -939.024      43973.5            1
    -942.835      43723.8            1
    -946.646      43474.6            1
    -950.457      43226.2            1
    -954.268      42978.4            1
    -958.079      42731.7            1
     -961.89        42486            1
    -965.701      42241.7            1
    -969.512      41999.1            1
    -973.323      41758.3            1
    -977.134      41519.8            1
    -980.945      41283.5            1
    -984.756      41049.8            1
    -988.567      40818.6            1
    -992.378      40590.1            1
    -996.189        40364            1